================================================================================
RISK/REWARD PERFORMANCE ANALYSIS - COMPREHENSIVE REPORT
================================================================================

Analysis Date: 2025-12-02 23:17:31

METHODOLOGY:
--------------------------------------------------------------------------------
Stop Loss Placements (% of 8:30 candle body retracement):
  - 100%: SL at opposite end of body (full body)
  - 75%:  SL at 75% of body (long retracement)
  - 50%:  SL at middle of body
  - 25%:  SL at 25% of body (close SL)

Risk/Reward Ratios Tested:
  - 1.0, 1.5, 2.0, 2.5, 3.0, 3.5, 4.0, 4.5, 5.0

Entry Logic:
  - Entry at close of candle that triggered setup (after 8:30)
  - Bearish 8:30 → Bullish breakout = LONG
  - Bullish 8:30 → Bearish breakdown = SHORT

================================================================================

OVERALL SUMMARY BY TIMEFRAME:
--------------------------------------------------------------------------------

1M Timeframe:
  Total Unique Setups: 279
  Total Trade Simulations: 10044
  Years Covered: [np.int64(2018), np.int64(2019), np.int64(2020), np.int64(2021), np.int64(2022), np.int64(2023), np.int64(2024), np.int64(2025)]
    bullish_830_to_bearish_breakdown: 5076 simulations
    bearish_830_to_bullish_breakout: 4968 simulations

5M Timeframe:
  Total Unique Setups: 232
  Total Trade Simulations: 8352
  Years Covered: [np.int64(2018), np.int64(2019), np.int64(2020), np.int64(2021), np.int64(2022), np.int64(2023), np.int64(2024), np.int64(2025)]
    bearish_830_to_bullish_breakout: 4176 simulations
    bullish_830_to_bearish_breakdown: 4176 simulations

15M Timeframe:
  Total Unique Setups: 184
  Total Trade Simulations: 6624
  Years Covered: [np.int64(2018), np.int64(2019), np.int64(2020), np.int64(2021), np.int64(2022), np.int64(2023), np.int64(2024), np.int64(2025)]
    bullish_830_to_bearish_breakdown: 3060 simulations
    bearish_830_to_bullish_breakout: 3564 simulations

================================================================================

================================================================================
1M TIMEFRAME DETAILED ANALYSIS
================================================================================

--------------------------------------------------------------------------------
Stop Loss at 100% Body Retracement:
--------------------------------------------------------------------------------

RR     Trades   Wins   Losses   WinRate    TotalPnL     AvgPnL     AvgWin     AvgLoss   
--------------------------------------------------------------------------------
1.0    279      121    158      43.37      -861.17      -3.09      22.05      -22.34    
1.5    279      95     184      34.05      -876.35      -3.14      33.61      -22.12    
2.0    279      79     200      28.32      -934.72      -3.35      44.42      -22.22    
2.5    279      67     212      24.01      -1051.75     -3.77      54.86      -22.30    
3.0    279      60     219      21.51      -1090.17     -3.91      63.85      -22.47    
3.5    279      54     225      19.35      -906.19      -3.25      76.22      -22.32    
4.0    279      48     231      17.20      -1032.26     -3.70      86.10      -22.36    
4.5    279      45     234      16.13      -829.91      -2.97      97.60      -22.32    
5.0    279      41     238      14.70      -1045.20     -3.75      104.73     -22.43    


--------------------------------------------------------------------------------
Stop Loss at 75% Body Retracement:
--------------------------------------------------------------------------------

RR     Trades   Wins   Losses   WinRate    TotalPnL     AvgPnL     AvgWin     AvgLoss   
--------------------------------------------------------------------------------
1.0    279      121    158      43.37      -710.05      -2.54      20.57      -20.25    
1.5    279      94     185      33.69      -734.41      -2.63      31.62      -20.04    
2.0    279      76     203      27.24      -1012.28     -3.63      41.02      -20.34    
2.5    279      65     214      23.30      -1031.60     -3.70      51.17      -20.36    
3.0    279      59     220      21.15      -862.67      -3.09      61.34      -20.37    
3.5    279      50     229      17.92      -1130.32     -4.05      70.90      -20.42    
4.0    279      44     235      15.77      -1218.42     -4.37      81.27      -20.40    
4.5    279      42     237      15.05      -1141.73     -4.09      88.56      -20.51    
5.0    279      41     238      14.70      -896.45      -3.21      97.39      -20.54    


--------------------------------------------------------------------------------
Stop Loss at 50% Body Retracement:
--------------------------------------------------------------------------------

RR     Trades   Wins   Losses   WinRate    TotalPnL     AvgPnL     AvgWin     AvgLoss   
--------------------------------------------------------------------------------
1.0    279      127    152      45.52      -409.41      -1.47      18.77      -18.38    
1.5    279      96     183      34.41      -553.63      -1.98      28.90      -18.19    
2.0    279      77     202      27.60      -727.96      -2.61      38.53      -18.29    
2.5    279      66     213      23.66      -882.41      -3.16      46.49      -18.55    
3.0    279      58     221      20.79      -905.90      -3.25      55.24      -18.60    
3.5    279      53     226      19.00      -889.29      -3.19      62.94      -18.69    
4.0    279      48     231      17.20      -772.11      -2.77      73.43      -18.60    
4.5    279      41     238      14.70      -1174.77     -4.21      79.89      -18.70    
5.0    279      41     238      14.70      -810.83      -2.91      88.77      -18.70    


--------------------------------------------------------------------------------
Stop Loss at 25% Body Retracement:
--------------------------------------------------------------------------------

RR     Trades   Wins   Losses   WinRate    TotalPnL     AvgPnL     AvgWin     AvgLoss   
--------------------------------------------------------------------------------
1.0    279      125    154      44.80      -376.46      -1.35      17.17      -16.38    
1.5    279      97     182      34.77      -604.03      -2.16      25.14      -16.72    
2.0    279      79     200      28.32      -710.87      -2.55      33.39      -16.75    
2.5    279      66     213      23.66      -733.18      -2.63      42.59      -16.64    
3.0    279      57     222      20.43      -905.08      -3.24      49.51      -16.79    
3.5    279      51     228      18.28      -1095.99     -3.93      54.48      -16.99    
4.0    279      45     234      16.13      -1123.35     -4.03      63.02      -16.92    
4.5    279      42     237      15.05      -1158.61     -4.15      68.37      -17.00    
5.0    279      40     239      14.34      -1108.15     -3.97      74.17      -17.05    


================================================================================
5M TIMEFRAME DETAILED ANALYSIS
================================================================================

--------------------------------------------------------------------------------
Stop Loss at 100% Body Retracement:
--------------------------------------------------------------------------------

RR     Trades   Wins   Losses   WinRate    TotalPnL     AvgPnL     AvgWin     AvgLoss   
--------------------------------------------------------------------------------
1.0    232      101    131      43.53      -1010.35     -4.35      37.00      -36.24    
1.5    232      80     152      34.48      -1312.89     -5.66      53.79      -36.95    
2.0    232      66     166      28.45      -955.89      -4.12      76.04      -35.99    
2.5    232      59     173      25.43      -628.61      -2.71      95.11      -36.07    
3.0    232      51     181      21.98      -742.72      -3.20      113.85     -36.18    
3.5    232      45     187      19.40      -605.92      -2.61      136.17     -36.01    
4.0    232      41     191      17.67      -598.37      -2.58      153.87     -36.16    
4.5    232      37     195      15.95      -477.31      -2.06      177.06     -36.04    
5.0    232      33     199      14.22      -621.78      -2.68      198.55     -36.05    


--------------------------------------------------------------------------------
Stop Loss at 75% Body Retracement:
--------------------------------------------------------------------------------

RR     Trades   Wins   Losses   WinRate    TotalPnL     AvgPnL     AvgWin     AvgLoss   
--------------------------------------------------------------------------------
1.0    232      101    131      43.53      -1030.64     -4.44      33.42      -33.63    
1.5    232      80     152      34.48      -1327.07     -5.72      48.41      -34.21    
2.0    232      68     164      29.31      -832.81      -3.59      68.12      -33.32    
2.5    232      60     172      25.86      -658.59      -2.84      84.80      -33.41    
3.0    232      52     180      22.41      -625.50      -2.70      103.21     -33.29    
3.5    232      46     186      19.83      -856.18      -3.69      117.09     -33.56    
4.0    232      40     192      17.24      -881.73      -3.80      138.00     -33.34    
4.5    232      37     195      15.95      -689.15      -2.97      156.83     -33.29    
5.0    232      33     199      14.22      -586.79      -2.53      181.68     -33.08    


--------------------------------------------------------------------------------
Stop Loss at 50% Body Retracement:
--------------------------------------------------------------------------------

RR     Trades   Wins   Losses   WinRate    TotalPnL     AvgPnL     AvgWin     AvgLoss   
--------------------------------------------------------------------------------
1.0    232      104    128      44.83      -693.17      -2.99      30.70      -30.36    
1.5    232      88     144      37.93      -341.06      -1.47      45.94      -30.44    
2.0    232      68     164      29.31      -736.34      -3.17      62.18      -30.27    
2.5    232      58     174      25.00      -636.09      -2.74      79.34      -30.10    
3.0    232      52     180      22.41      -421.70      -1.82      96.01      -30.08    
3.5    232      45     187      19.40      -875.87      -3.78      107.21     -30.48    
4.0    232      43     189      18.53      -396.34      -1.71      124.32     -30.38    
4.5    232      38     194      16.38      -639.03      -2.75      138.65     -30.45    
5.0    232      35     197      15.09      -372.53      -1.61      159.67     -30.26    


--------------------------------------------------------------------------------
Stop Loss at 25% Body Retracement:
--------------------------------------------------------------------------------

RR     Trades   Wins   Losses   WinRate    TotalPnL     AvgPnL     AvgWin     AvgLoss   
--------------------------------------------------------------------------------
1.0    232      101    131      43.53      -713.65      -3.08      28.03      -27.06    
1.5    232      88     144      37.93      -287.48      -1.24      41.51      -27.36    
2.0    232      69     163      29.74      -704.51      -3.04      54.80      -27.52    
2.5    232      56     176      24.14      -527.87      -2.28      74.59      -26.73    
3.0    232      52     180      22.41      -191.54      -0.83      89.20      -26.83    
3.5    232      45     187      19.40      -282.99      -1.22      105.31     -26.86    
4.0    232      40     192      17.24      -565.33      -2.44      116.21     -27.16    
4.5    232      36     196      15.52      -788.59      -3.40      126.98     -27.35    
5.0    232      34     198      14.66      -608.94      -2.62      141.35     -27.35    


================================================================================
15M TIMEFRAME DETAILED ANALYSIS
================================================================================

--------------------------------------------------------------------------------
Stop Loss at 100% Body Retracement:
--------------------------------------------------------------------------------

RR     Trades   Wins   Losses   WinRate    TotalPnL     AvgPnL     AvgWin     AvgLoss   
--------------------------------------------------------------------------------
1.0    184      98     86       53.26      1065.25      5.79       59.53      -55.45    
1.5    184      84     100      45.65      2037.79      11.07      90.28      -55.46    
2.0    184      70     114      38.04      1939.38      10.54      119.44     -56.33    
2.5    184      61     123      33.15      482.68       2.62       129.80     -60.45    
3.0    184      52     131      28.42      -12.89       -0.07      152.26     -60.54    
3.5    184      45     138      24.59      -638.43      -3.47      171.65     -60.60    
4.0    184      42     140      23.08      77.82        0.42       202.42     -60.17    
4.5    184      38     144      20.88      54.50        0.30       228.31     -59.87    
5.0    184      35     147      19.23      543.98       2.96       264.13     -59.19    


--------------------------------------------------------------------------------
Stop Loss at 75% Body Retracement:
--------------------------------------------------------------------------------

RR     Trades   Wins   Losses   WinRate    TotalPnL     AvgPnL     AvgWin     AvgLoss   
--------------------------------------------------------------------------------
1.0    184      100    84       54.35      1208.17      6.57       54.73      -50.78    
1.5    184      82     102      44.57      1624.12      8.83       83.14      -50.92    
2.0    184      70     114      38.04      1960.60      10.66      111.42     -51.22    
2.5    184      61     123      33.15      1245.11      6.77       128.62     -53.66    
3.0    184      54     130      29.35      848.99       4.61       147.05     -54.55    
3.5    184      48     136      26.09      630.96       3.43       168.03     -54.66    
4.0    184      42     142      22.83      94.48        0.51       187.30     -54.73    
4.5    184      37     147      20.11      10.61        0.06       215.59     -54.19    
5.0    184      36     148      19.57      706.97       3.84       241.80     -54.04    


--------------------------------------------------------------------------------
Stop Loss at 50% Body Retracement:
--------------------------------------------------------------------------------

RR     Trades   Wins   Losses   WinRate    TotalPnL     AvgPnL     AvgWin     AvgLoss   
--------------------------------------------------------------------------------
1.0    184      93     91       50.54      900.34       4.89       52.56      -43.82    
1.5    184      74     110      40.22      869.58       4.73       79.02      -45.25    
2.0    184      64     120      34.78      1115.27      6.06       104.07     -46.21    
2.5    184      58     126      31.52      1960.88      10.66      133.45     -45.87    
3.0    184      50     134      27.17      555.79       3.02       141.47     -48.64    
3.5    184      42     142      22.83      433.80       2.36       172.40     -47.94    
4.0    184      37     147      20.11      90.10        0.49       193.85     -48.18    
4.5    184      33     151      17.93      -459.76      -2.50      208.66     -48.65    
5.0    184      28     156      15.22      -915.42      -4.98      236.91     -48.39    


--------------------------------------------------------------------------------
Stop Loss at 25% Body Retracement:
--------------------------------------------------------------------------------

RR     Trades   Wins   Losses   WinRate    TotalPnL     AvgPnL     AvgWin     AvgLoss   
--------------------------------------------------------------------------------
1.0    184      87     97       47.28      599.90       3.26       49.50      -38.21    
1.5    184      75     109      40.76      1148.84      6.24       73.29      -39.89    
2.0    184      61     123      33.15      1167.95      6.35       100.33     -40.26    
2.5    184      53     131      28.80      1157.80      6.29       123.59     -41.16    
3.0    184      46     138      25.00      -0.74        -0.00      130.63     -43.55    
3.5    184      40     144      21.74      -138.18      -0.75      153.11     -43.49    
4.0    184      36     148      19.57      -50.14       -0.27      176.94     -43.38    
4.5    184      32     152      17.39      201.63       1.10       210.02     -42.89    
5.0    184      28     156      15.22      -433.49      -2.36      225.56     -43.26    


================================================================================
TOP PERFORMING CONFIGURATIONS
================================================================================

Top 10 by Total PnL:
--------------------------------------------------------------------------------
Rank   TF     SL%    RR     WinRate    TotalPnL     Trades  
--------------------------------------------------------------------------------
1      15m    100    1.5    45.65      2037.79      184     
2      15m    50     2.5    31.52      1960.88      184     
3      15m    75     2.0    38.04      1960.60      184     
4      15m    100    2.0    38.04      1939.38      184     
5      15m    75     1.5    44.57      1624.12      184     
6      15m    75     2.5    33.15      1245.11      184     
7      15m    75     1.0    54.35      1208.17      184     
8      15m    25     2.0    33.15      1167.95      184     
9      15m    25     2.5    28.80      1157.80      184     
10     15m    25     1.5    40.76      1148.84      184     

Top 10 by Win Rate (min 10 trades):
--------------------------------------------------------------------------------
Rank   TF     SL%    RR     WinRate    TotalPnL     Trades  
--------------------------------------------------------------------------------
1      15m    75     1.0    54.35      1208.17      184     
2      15m    100    1.0    53.26      1065.25      184     
3      15m    50     1.0    50.54      900.34       184     
4      15m    25     1.0    47.28      599.90       184     
5      15m    100    1.5    45.65      2037.79      184     
6      1m     50     1.0    45.52      -409.41      279     
7      5m     50     1.0    44.83      -693.17      232     
8      1m     25     1.0    44.80      -376.46      279     
9      15m    75     1.5    44.57      1624.12      184     
10     5m     100    1.0    43.53      -1010.35     232     

Top 10 by Average PnL per Trade:
--------------------------------------------------------------------------------
Rank   TF     SL%    RR     WinRate    AvgPnL       Trades  
--------------------------------------------------------------------------------
1      15m    100    1.5    45.65      11.07        184     
2      15m    50     2.5    31.52      10.66        184     
3      15m    75     2.0    38.04      10.66        184     
4      15m    100    2.0    38.04      10.54        184     
5      15m    75     1.5    44.57      8.83         184     
6      15m    75     2.5    33.15      6.77         184     
7      15m    75     1.0    54.35      6.57         184     
8      15m    25     2.0    33.15      6.35         184     
9      15m    25     2.5    28.80      6.29         184     
10     15m    25     1.5    40.76      6.24         184     

================================================================================
END OF REPORT
================================================================================