========================================================================================================================
RISK/REWARD ANALYSIS REPORT
========================================================================================================================
Report Generated: 2025-12-02 23:32:21
Analysis Period: 2018 - 2025

ANALYSIS PARAMETERS:
------------------------------------------------------------------------------------------------------------------------
Stop-Loss Placements (based on 8:30 AM candle body):
  - 100%: Full body retracement (SL at Open)
  - 75%:  75% body retracement
  - 50%:  50% body retracement (middle of body)
  - 25%:  25% body retracement (close SL)

Risk/Reward Ratios: 1.0, 1.5, 2.0, 2.5, 3.0, 3.5, 4.0, 4.5, 5.0

Entry: Close of breakout/breakdown candle
Trade Direction:
  - Bearish Setup: LONG (buy on breakout above resistance)
  - Bullish Setup: SHORT (sell on breakdown below support)

========================================================================================================================


========================================================================================================================
1M TIMEFRAME ANALYSIS
========================================================================================================================

------------------------------------------------------------------------------------------------------------------------
BEARISH SETUPS (LONG TRADES) - 138 setups
------------------------------------------------------------------------------------------------------------------------


Stop-Loss Placement: 100% Body Retracement
------------------------------------------------------------------------------------------------------------------------
RR Ratio   Trades   Winners   Losers   Unknown   Win Rate   Total P/L    Avg Win    Avg Loss    Expectancy   PF      
------------------------------------------------------------------------------------------------------------------------
1.0        138      65        73       0         47.10      3.83         16.06      -14.24      0.03         1.00    
1.5        138      46        92       0         33.33      -544.35      20.08      -15.95      -3.94        0.63    
2.0        138      40        98       0         28.99      -483.41      26.67      -15.82      -3.50        0.69    
2.5        138      36        102      0         26.09      -445.85      32.49      -15.84      -3.23        0.72    
3.0        138      32        106      0         23.19      -474.70      37.71      -15.86      -3.44        0.72    
3.5        138      31        107      0         22.46      -301.94      44.70      -15.77      -2.19        0.82    
4.0        137      28        109      1         20.44      -343.25      49.06      -15.75      -2.51        0.80    
4.5        137      25        112      1         18.25      -391.16      54.63      -15.69      -2.86        0.78    
5.0        137      25        112      1         18.25      -239.41      60.70      -15.69      -1.75        0.86    


Stop-Loss Placement: 75% Body Retracement
------------------------------------------------------------------------------------------------------------------------
RR Ratio   Trades   Winners   Losers   Unknown   Win Rate   Total P/L    Avg Win    Avg Loss    Expectancy   PF      
------------------------------------------------------------------------------------------------------------------------
1.0        138      60        78       0         43.48      -310.99      16.97      -17.04      -2.25        0.77    
1.5        138      44        94       0         31.88      -641.41      23.26      -17.71      -4.65        0.61    
2.0        138      40        98       0         28.99      -511.32      30.60      -17.71      -3.71        0.71    
2.5        138      32        106      0         23.19      -599.66      39.01      -17.43      -4.35        0.68    
3.0        138      30        108      0         21.74      -519.53      45.69      -17.50      -3.76        0.73    
3.5        137      27        110      1         19.71      -521.13      51.89      -17.47      -3.80        0.73    
4.0        137      27        110      1         19.71      -320.99      59.30      -17.47      -2.34        0.83    
4.5        137      26        111      1         18.98      -266.14      64.71      -17.55      -1.94        0.86    
5.0        137      24        113      1         17.52      -347.79      68.56      -17.64      -2.54        0.83    


Stop-Loss Placement: 50% Body Retracement
------------------------------------------------------------------------------------------------------------------------
RR Ratio   Trades   Winners   Losers   Unknown   Win Rate   Total P/L    Avg Win    Avg Loss    Expectancy   PF      
------------------------------------------------------------------------------------------------------------------------
1.0        138      59        79       0         42.75      -475.53      18.10      -19.53      -3.45        0.69    
1.5        138      48        90       0         34.78      -455.68      26.94      -19.43      -3.30        0.74    
2.0        138      40        98       0         28.99      -378.23      37.21      -19.05      -2.74        0.80    
2.5        138      34        104      0         24.64      -344.69      47.61      -18.88      -2.50        0.82    
3.0        138      31        107      0         22.46      -315.51      55.53      -19.04      -2.29        0.85    
3.5        137      29        108      1         21.17      -241.65      62.83      -19.11      -1.76        0.88    
4.0        137      29        108      1         21.17      18.66        71.81      -19.11      0.14         1.01    
4.5        137      24        113      1         17.52      -312.92      77.44      -19.22      -2.28        0.86    
5.0        137      24        113      1         17.52      -106.42      86.04      -19.22      -0.78        0.95    


Stop-Loss Placement: 25% Body Retracement
------------------------------------------------------------------------------------------------------------------------
RR Ratio   Trades   Winners   Losers   Unknown   Win Rate   Total P/L    Avg Win    Avg Loss    Expectancy   PF      
------------------------------------------------------------------------------------------------------------------------
1.0        138      55        83       0         39.86      -692.68      19.83      -21.49      -5.02        0.61    
1.5        138      46        92       0         33.33      -561.16      30.17      -21.19      -4.07        0.71    
2.0        138      40        98       0         28.99      -421.69      40.88      -20.99      -3.06        0.79    
2.5        138      33        105      0         23.91      -406.01      53.43      -20.66      -2.94        0.81    
3.0        138      32        106      0         23.19      -199.71      62.69      -20.81      -1.45        0.91    
3.5        137      29        108      1         21.17      -184.85      71.38      -20.88      -1.35        0.92    
4.0        137      25        112      1         18.25      -382.71      78.84      -21.02      -2.79        0.84    
4.5        137      24        113      1         17.52      -297.97      86.88      -21.09      -2.17        0.87    
5.0        137      24        113      1         17.52      -66.30       96.53      -21.09      -0.48        0.97    


------------------------------------------------------------------------------------------------------------------------
BULLISH SETUPS (SHORT TRADES) - 141 setups
------------------------------------------------------------------------------------------------------------------------


Stop-Loss Placement: 100% Body Retracement
------------------------------------------------------------------------------------------------------------------------
RR Ratio   Trades   Winners   Losers   Unknown   Win Rate   Total P/L    Avg Win    Avg Loss    Expectancy   PF      
------------------------------------------------------------------------------------------------------------------------
1.0        141      57        84       0         40.43      -186.98      16.56      -13.46      -1.33        0.83    
1.5        141      48        93       0         34.04      -71.00       25.05      -13.69      -0.50        0.94    
2.0        141      42        99       0         29.79      -72.31       31.78      -14.21      -0.51        0.95    
2.5        141      40        101      0         28.37      153.29       39.79      -14.24      1.09         1.11    
3.0        141      36        105      0         25.53      -14.87       42.91      -14.85      -0.11        0.99    
3.5        141      30        111      0         21.28      -177.94      49.18      -14.89      -1.26        0.89    
4.0        141      26        115      0         18.44      -162.60      58.83      -14.72      -1.15        0.90    
4.5        140      22        118      1         15.71      -465.97      59.35      -15.01      -3.33        0.74    
5.0        140      21        119      1         15.00      -367.32      67.25      -14.95      -2.62        0.79    


Stop-Loss Placement: 75% Body Retracement
------------------------------------------------------------------------------------------------------------------------
RR Ratio   Trades   Winners   Losers   Unknown   Win Rate   Total P/L    Avg Win    Avg Loss    Expectancy   PF      
------------------------------------------------------------------------------------------------------------------------
1.0        141      61        80       0         43.26      -47.80       18.63      -14.80      -0.34        0.96    
1.5        141      52        89       0         36.88      122.94       28.20      -15.09      0.87         1.09    
2.0        141      45        96       0         31.91      87.66        35.68      -15.81      0.62         1.06    
2.5        141      42        99       0         29.79      244.24       43.63      -16.04      1.73         1.15    
3.0        141      34        107      0         24.11      -13.84       50.89      -16.30      -0.10        0.99    
3.5        141      28        113      0         19.86      -320.87      55.56      -16.61      -2.28        0.83    
4.0        140      22        118      1         15.71      -534.45      64.47      -16.55      -3.82        0.73    
4.5        140      20        120      1         14.29      -601.62      69.78      -16.64      -4.30        0.70    
5.0        140      20        120      1         14.29      -446.56      77.53      -16.64      -3.19        0.78    


Stop-Loss Placement: 50% Body Retracement
------------------------------------------------------------------------------------------------------------------------
RR Ratio   Trades   Winners   Losers   Unknown   Win Rate   Total P/L    Avg Win    Avg Loss    Expectancy   PF      
------------------------------------------------------------------------------------------------------------------------
1.0        141      62        79       0         43.97      -21.25       20.53      -16.38      -0.15        0.98    
1.5        141      52        89       0         36.88      101.91       30.80      -16.85      0.72         1.07    
2.0        141      44        97       0         31.21      -10.42       38.74      -17.68      -0.07        0.99    
2.5        141      38        103      0         26.95      -215.89      44.20      -18.40      -1.53        0.89    
3.0        141      32        109      0         22.70      -273.19      53.77      -18.29      -1.94        0.86    
3.5        141      27        114      0         19.15      -409.82      62.15      -18.31      -2.91        0.80    
4.0        139      21        118      2         15.11      -647.81      71.79      -18.27      -4.66        0.70    
4.5        139      19        120      2         13.67      -710.73      78.44      -18.34      -5.11        0.68    
5.0        139      19        120      2         13.67      -545.13      87.16      -18.34      -3.92        0.75    


Stop-Loss Placement: 25% Body Retracement
------------------------------------------------------------------------------------------------------------------------
RR Ratio   Trades   Winners   Losers   Unknown   Win Rate   Total P/L    Avg Win    Avg Loss    Expectancy   PF      
------------------------------------------------------------------------------------------------------------------------
1.0        141      58        83       0         41.13      -248.35      22.11      -18.45      -1.76        0.84    
1.5        141      52        89       0         36.88      77.01        33.35      -18.62      0.55         1.05    
2.0        141      42        99       0         29.79      -285.31      40.13      -19.91      -2.02        0.86    
2.5        141      38        103      0         26.95      -269.42      47.82      -20.26      -1.91        0.87    
3.0        141      31        110      0         21.99      -394.67      58.52      -20.08      -2.80        0.82    
3.5        140      24        116      1         17.14      -726.03      67.15      -20.15      -5.19        0.69    
4.0        139      21        118      2         15.11      -682.52      79.77      -19.98      -4.91        0.71    
4.5        139      20        119      2         14.39      -681.76      85.70      -20.13      -4.90        0.72    
5.0        139      20        119      2         14.39      -491.32      95.22      -20.13      -3.53        0.79    


========================================================================================================================
5M TIMEFRAME ANALYSIS
========================================================================================================================

------------------------------------------------------------------------------------------------------------------------
BEARISH SETUPS (LONG TRADES) - 116 setups
------------------------------------------------------------------------------------------------------------------------


Stop-Loss Placement: 100% Body Retracement
------------------------------------------------------------------------------------------------------------------------
RR Ratio   Trades   Winners   Losers   Unknown   Win Rate   Total P/L    Avg Win    Avg Loss    Expectancy   PF      
------------------------------------------------------------------------------------------------------------------------
1.0        116      56        60       0         48.28      -102.53      21.20      -21.50      -0.88        0.92    
1.5        115      48        67       1         41.74      -28.34       29.71      -21.70      -0.25        0.98    
2.0        115      40        75       1         34.78      -7.38        39.96      -21.41      -0.06        1.00    
2.5        115      35        80       1         30.43      122.36       51.57      -21.03      1.06         1.07    
3.0        115      31        84       1         26.96      280.23       64.96      -20.64      2.44         1.16    
3.5        115      29        86       1         25.22      474.52       77.22      -20.52      4.13         1.27    
4.0        115      26        89       1         22.61      343.93       84.57      -20.84      2.99         1.19    
4.5        114      22        92       2         19.30      -162.43      81.87      -21.34      -1.42        0.92    
5.0        114      21        93       2         18.42      -153.65      87.71      -21.46      -1.35        0.92    


Stop-Loss Placement: 75% Body Retracement
------------------------------------------------------------------------------------------------------------------------
RR Ratio   Trades   Winners   Losers   Unknown   Win Rate   Total P/L    Avg Win    Avg Loss    Expectancy   PF      
------------------------------------------------------------------------------------------------------------------------
1.0        116      55        61       0         47.41      -197.28      23.97      -24.85      -1.70        0.87    
1.5        115      47        68       1         40.87      -53.31       34.56      -24.67      -0.46        0.97    
2.0        115      37        78       1         32.17      -143.99      47.14      -24.21      -1.25        0.92    
2.5        115      32        83       1         27.83      2.10         61.66      -23.75      0.02         1.00    
3.0        115      29        86       1         25.22      53.85        72.78      -23.92      0.47         1.03    
3.5        115      25        90       1         21.74      -9.81        85.58      -23.88      -0.09        1.00    
4.0        114      23        91       2         20.18      -72.90       91.93      -24.04      -0.64        0.97    
4.5        114      19        95       2         16.67      -572.55      92.29      -24.49      -5.02        0.75    
5.0        114      19        95       2         16.67      -377.71      102.55     -24.49      -3.31        0.84    


Stop-Loss Placement: 50% Body Retracement
------------------------------------------------------------------------------------------------------------------------
RR Ratio   Trades   Winners   Losers   Unknown   Win Rate   Total P/L    Avg Win    Avg Loss    Expectancy   PF      
------------------------------------------------------------------------------------------------------------------------
1.0        116      55        61       0         47.41      -167.98      27.48      -27.53      -1.45        0.90    
1.5        115      48        67       1         41.74      85.50        40.02      -27.40      0.74         1.05    
2.0        115      39        76       1         33.91      49.05        54.11      -27.12      0.43         1.02    
2.5        115      31        84       1         26.96      -140.53      68.56      -26.98      -1.22        0.94    
3.0        115      28        87       1         24.35      0.58         83.48      -26.86      0.01         1.00    
3.5        114      25        89       2         21.93      -79.16       92.98      -27.01      -0.69        0.97    
4.0        114      24        90       2         21.05      139.07       106.89     -26.96      1.22         1.06    
4.5        114      19        95       2         16.67      -451.18      112.67     -27.28      -3.96        0.83    
5.0        114      19        95       2         16.67      -213.31      125.19     -27.28      -1.87        0.92    


Stop-Loss Placement: 25% Body Retracement
------------------------------------------------------------------------------------------------------------------------
RR Ratio   Trades   Winners   Losers   Unknown   Win Rate   Total P/L    Avg Win    Avg Loss    Expectancy   PF      
------------------------------------------------------------------------------------------------------------------------
1.0        116      54        62       0         46.55      -274.98      30.31      -30.83      -2.37        0.86    
1.5        115      43        72       1         37.39      -354.57      43.50      -30.90      -3.08        0.84    
2.0        115      36        79       1         31.30      -126.71      61.95      -29.83      -1.10        0.95    
2.5        115      32        83       1         27.83      -36.95       76.67      -30.01      -0.32        0.99    
3.0        115      27        88       1         23.48      -105.21      93.52      -29.89      -0.91        0.96    
3.5        114      24        90       2         21.05      -247.40      102.80     -30.16      -2.17        0.91    
4.0        114      21        93       2         18.42      -427.11      114.00     -30.33      -3.75        0.85    
4.5        114      20        94       2         17.54      -309.89      127.22     -30.36      -2.72        0.89    
5.0        114      19        95       2         16.67      -93.02       145.90     -30.16      -0.82        0.97    


------------------------------------------------------------------------------------------------------------------------
BULLISH SETUPS (SHORT TRADES) - 116 setups
------------------------------------------------------------------------------------------------------------------------


Stop-Loss Placement: 100% Body Retracement
------------------------------------------------------------------------------------------------------------------------
RR Ratio   Trades   Winners   Losers   Unknown   Win Rate   Total P/L    Avg Win    Avg Loss    Expectancy   PF      
------------------------------------------------------------------------------------------------------------------------
1.0        116      49        67       0         42.24      -426.12      28.26      -27.03      -3.67        0.76    
1.5        116      46        70       0         39.66      -46.73       41.07      -27.66      -0.40        0.98    
2.0        116      41        75       0         35.34      -91.10       50.48      -28.81      -0.79        0.96    
2.5        116      36        80       0         31.03      94.20        65.28      -28.20      0.81         1.04    
3.0        116      29        87       0         25.00      24.21        83.27      -27.48      0.21         1.01    
3.5        116      27        89       0         23.28      184.20       97.36      -27.47      1.59         1.08    
4.0        115      22        93       1         19.13      -330.58      102.79     -27.87      -2.87        0.87    
4.5        115      21        94       1         18.26      -269.68      112.50     -28.00      -2.35        0.90    
5.0        115      21        94       1         18.26      -7.17        125.01     -28.00      -0.06        1.00    


Stop-Loss Placement: 75% Body Retracement
------------------------------------------------------------------------------------------------------------------------
RR Ratio   Trades   Winners   Losers   Unknown   Win Rate   Total P/L    Avg Win    Avg Loss    Expectancy   PF      
------------------------------------------------------------------------------------------------------------------------
1.0        116      49        67       0         42.24      -534.45      30.69      -30.42      -4.61        0.74    
1.5        116      44        72       0         37.93      -226.57      45.21      -30.77      -1.95        0.90    
2.0        116      38        78       0         32.76      -339.32      56.18      -31.72      -2.93        0.86    
2.5        116      31        85       0         26.72      -275.52      75.26      -30.69      -2.38        0.89    
3.0        116      29        87       0         25.00      -29.81       90.82      -30.62      -0.26        0.99    
3.5        116      26        90       0         22.41      -71.58       103.80     -30.78      -0.62        0.97    
4.0        115      21        94       1         18.26      -601.76      110.47     -31.08      -5.23        0.79    
4.5        115      19        96       1         16.52      -508.00      128.92     -30.81      -4.42        0.83    
5.0        115      18        97       1         15.65      -324.59      147.09     -30.64      -2.82        0.89    


Stop-Loss Placement: 50% Body Retracement
------------------------------------------------------------------------------------------------------------------------
RR Ratio   Trades   Winners   Losers   Unknown   Win Rate   Total P/L    Avg Win    Avg Loss    Expectancy   PF      
------------------------------------------------------------------------------------------------------------------------
1.0        116      50        66       0         43.10      -589.39      32.98      -33.92      -5.08        0.74    
1.5        116      45        71       0         38.79      -304.83      47.77      -34.57      -2.63        0.88    
2.0        116      37        79       0         31.90      -457.08      61.81      -34.74      -3.94        0.83    
2.5        116      32        84       0         27.59      -288.53      80.34      -34.04      -2.49        0.90    
3.0        116      29        87       0         25.00      -196.38      95.46      -34.08      -1.69        0.93    
3.5        116      24        92       0         20.69      -562.95      107.74     -34.23      -4.85        0.82    
4.0        115      20        95       1         17.39      -783.10      122.52     -34.04      -6.81        0.76    
4.5        115      20        95       1         17.39      -476.79      137.84     -34.04      -4.15        0.85    
5.0        115      18        97       1         15.65      -240.71      166.92     -33.46      -2.09        0.93    


Stop-Loss Placement: 25% Body Retracement
------------------------------------------------------------------------------------------------------------------------
RR Ratio   Trades   Winners   Losers   Unknown   Win Rate   Total P/L    Avg Win    Avg Loss    Expectancy   PF      
------------------------------------------------------------------------------------------------------------------------
1.0        116      51        65       0         43.97      -628.99      35.34      -37.40      -5.42        0.74    
1.5        116      42        74       0         36.21      -836.16      48.53      -38.85      -7.21        0.71    
2.0        116      37        79       0         31.90      -463.29      67.93      -37.68      -3.99        0.84    
2.5        116      33        83       0         28.45      -351.05      84.04      -37.64      -3.03        0.89    
3.0        116      28        88       0         24.14      -417.59      102.21     -37.27      -3.60        0.87    
3.5        116      25        91       0         21.55      -450.50      117.69     -37.28      -3.88        0.87    
4.0        115      20        95       1         17.39      -682.92      140.30     -36.73      -5.94        0.80    
4.5        115      18        97       1         15.65      -647.51      161.05     -36.56      -5.63        0.82    
5.0        115      16        99       1         13.91      -544.13      189.92     -36.19      -4.73        0.85    


========================================================================================================================
15M TIMEFRAME ANALYSIS
========================================================================================================================

------------------------------------------------------------------------------------------------------------------------
BEARISH SETUPS (LONG TRADES) - 99 setups
------------------------------------------------------------------------------------------------------------------------


Stop-Loss Placement: 100% Body Retracement
------------------------------------------------------------------------------------------------------------------------
RR Ratio   Trades   Winners   Losers   Unknown   Win Rate   Total P/L    Avg Win    Avg Loss    Expectancy   PF      
------------------------------------------------------------------------------------------------------------------------
1.0        99       51        48       0         51.52      588.63       42.14      -32.51      5.95         1.38    
1.5        99       43        56       0         43.43      542.42       59.33      -35.87      5.48         1.27    
2.0        99       38        61       0         38.38      802.23       79.15      -36.16      8.10         1.36    
2.5        99       35        64       0         35.35      1148.14      99.13      -36.27      11.60        1.49    
3.0        99       32        67       0         32.32      1501.23      122.13     -35.92      15.16        1.62    
3.5        99       30        69       0         30.30      523.02       109.73     -40.13      5.28         1.19    
4.0        99       28        71       0         28.28      697.95       125.93     -39.83      7.05         1.25    
4.5        99       25        74       0         25.25      846.03       149.09     -38.93      8.55         1.29    
5.0        99       23        76       0         23.23      881.29       166.33     -38.74      8.90         1.30    


Stop-Loss Placement: 75% Body Retracement
------------------------------------------------------------------------------------------------------------------------
RR Ratio   Trades   Winners   Losers   Unknown   Win Rate   Total P/L    Avg Win    Avg Loss    Expectancy   PF      
------------------------------------------------------------------------------------------------------------------------
1.0        99       51        48       0         51.52      651.78       47.53      -36.92      6.58         1.37    
1.5        99       42        57       0         42.42      454.06       66.43      -40.99      4.59         1.19    
2.0        99       38        61       0         38.38      870.70       88.90      -41.10      8.79         1.35    
2.5        99       33        66       0         33.33      994.47       112.35     -41.11      10.05        1.37    
3.0        99       30        69       0         30.30      40.24        105.91     -45.47      0.41         1.01    
3.5        99       26        73       0         26.26      -109.55      122.25     -45.04      -1.11        0.97    
4.0        99       24        75       0         24.24      34.96        141.04     -44.67      0.35         1.01    
4.5        99       22        77       0         22.22      94.16        159.56     -44.37      0.95         1.03    
5.0        99       21        78       0         21.21      222.50       175.35     -44.36      2.25         1.06    


Stop-Loss Placement: 50% Body Retracement
------------------------------------------------------------------------------------------------------------------------
RR Ratio   Trades   Winners   Losers   Unknown   Win Rate   Total P/L    Avg Win    Avg Loss    Expectancy   PF      
------------------------------------------------------------------------------------------------------------------------
1.0        99       53        46       0         53.54      832.31       52.03      -41.86      8.41         1.43    
1.5        99       43        56       0         43.43      544.67       72.95      -46.29      5.50         1.21    
2.0        99       39        60       0         39.39      1095.12      98.77      -45.95      11.06        1.40    
2.5        99       34        65       0         34.34      1602.07      132.04     -44.42      16.18        1.55    
3.0        99       31        68       0         31.31      540.24       126.37     -49.67      5.46         1.16    
3.5        99       26        73       0         26.26      321.75       149.72     -48.92      3.25         1.09    
4.0        99       25        74       0         25.25      231.73       157.28     -50.00      2.34         1.06    
4.5        99       22        77       0         22.22      -163.12      168.10     -50.15      -1.65        0.96    
5.0        99       20        79       0         20.20      -250.30      184.70     -49.93      -2.53        0.94    


Stop-Loss Placement: 25% Body Retracement
------------------------------------------------------------------------------------------------------------------------
RR Ratio   Trades   Winners   Losers   Unknown   Win Rate   Total P/L    Avg Win    Avg Loss    Expectancy   PF      
------------------------------------------------------------------------------------------------------------------------
1.0        99       55        44       0         55.56      1008.76      56.17      -47.29      10.19        1.48    
1.5        99       46        53       0         46.46      1149.34      82.43      -49.85      11.61        1.43    
2.0        99       42        57       0         42.42      2044.93      114.52     -48.51      20.66        1.74    
2.5        99       36        63       0         36.36      1022.47      122.87     -53.98      10.33        1.30    
3.0        99       32        67       0         32.32      639.13       136.15     -55.49      6.46         1.17    
3.5        99       29        70       0         29.29      452.00       150.78     -56.01      4.57         1.12    
4.0        99       27        72       0         27.27      477.26       167.33     -56.12      4.82         1.12    
4.5        99       24        75       0         24.24      479.72       192.61     -55.24      4.85         1.12    
5.0        99       24        75       0         24.24      993.34       214.01     -55.24      10.03        1.24    


------------------------------------------------------------------------------------------------------------------------
BULLISH SETUPS (SHORT TRADES) - 85 setups
------------------------------------------------------------------------------------------------------------------------


Stop-Loss Placement: 100% Body Retracement
------------------------------------------------------------------------------------------------------------------------
RR Ratio   Trades   Winners   Losers   Unknown   Win Rate   Total P/L    Avg Win    Avg Loss    Expectancy   PF      
------------------------------------------------------------------------------------------------------------------------
1.0        85       41        44       0         48.24      416.41       47.03      -34.36      4.90         1.28    
1.5        85       38        47       0         44.71      849.66       67.73      -36.68      10.00        1.49    
2.0        85       34        51       0         40.00      760.54       82.36      -39.99      8.95         1.37    
2.5        85       29        56       0         34.12      827.41       105.10     -39.65      9.73         1.37    
3.0        85       26        59       0         30.59      540.60       114.82     -41.44      6.36         1.22    
3.5        85       25        60       0         29.41      919.92       135.64     -41.18      10.82        1.37    
4.0        85       23        62       0         27.06      1063.97      156.65     -40.95      12.52        1.42    
4.5        84       19        65       1         22.62      795.18       180.24     -40.45      9.47         1.30    
5.0        84       19        65       1         22.62      1175.68      200.26     -40.45      14.00        1.45    


Stop-Loss Placement: 75% Body Retracement
------------------------------------------------------------------------------------------------------------------------
RR Ratio   Trades   Winners   Losers   Unknown   Win Rate   Total P/L    Avg Win    Avg Loss    Expectancy   PF      
------------------------------------------------------------------------------------------------------------------------
1.0        85       39        46       0         45.88      17.78        49.15      -41.29      0.21         1.01    
1.5        85       37        48       0         43.53      753.79       74.11      -41.42      8.87         1.38    
2.0        85       33        52       0         38.82      726.14       91.76      -44.27      8.54         1.32    
2.5        85       29        56       0         34.12      641.49       109.79     -45.40      7.55         1.25    
3.0        85       26        59       0         30.59      581.67       126.86     -46.05      6.84         1.21    
3.5        85       23        62       0         27.06      600.04       149.34     -45.72      7.06         1.21    
4.0        84       20        64       1         23.81      491.91       170.26     -45.52      5.86         1.17    
4.5        84       18        66       1         21.43      737.03       204.62     -44.64      8.77         1.25    
5.0        84       15        69       1         17.86      26.14        210.60     -45.40      0.31         1.01    


Stop-Loss Placement: 50% Body Retracement
------------------------------------------------------------------------------------------------------------------------
RR Ratio   Trades   Winners   Losers   Unknown   Win Rate   Total P/L    Avg Win    Avg Loss    Expectancy   PF      
------------------------------------------------------------------------------------------------------------------------
1.0        85       40        45       0         47.06      24.99        52.72      -46.30      0.29         1.01    
1.5        85       37        48       0         43.53      563.67       77.13      -47.71      6.63         1.25    
2.0        85       32        53       0         37.65      333.25       94.28      -50.64      3.92         1.12    
2.5        85       30        55       0         35.29      752.63       117.74     -50.54      8.85         1.27    
3.0        85       26        59       0         30.59      500.13       135.36     -51.17      5.88         1.17    
3.5        85       22        63       0         25.88      474.56       164.99     -50.08      5.58         1.15    
4.0        84       18        66       1         21.43      314.50       197.94     -49.22      3.74         1.10    
4.5        84       17        67       1         20.24      199.77       208.82     -50.00      2.38         1.06    
5.0        84       13        71       1         15.48      -222.84      251.04     -49.10      -2.65        0.94    


Stop-Loss Placement: 25% Body Retracement
------------------------------------------------------------------------------------------------------------------------
RR Ratio   Trades   Winners   Losers   Unknown   Win Rate   Total P/L    Avg Win    Avg Loss    Expectancy   PF      
------------------------------------------------------------------------------------------------------------------------
1.0        85       41        44       0         48.24      44.02        56.25      -51.42      0.52         1.02    
1.5        85       37        48       0         43.53      538.80       82.83      -52.62      6.34         1.21    
2.0        85       31        54       0         36.47      105.42       100.52     -55.75      1.24         1.04    
2.5        85       28        57       0         32.94      444.01       127.88     -55.03      5.22         1.14    
3.0        85       24        61       0         28.24      276.49       151.41     -55.04      3.25         1.08    
3.5        85       21        64       0         24.71      253.92       178.62     -54.64      2.99         1.07    
4.0        84       17        67       1         20.24      -244.20      200.91     -54.62      -2.91        0.93    
4.5        84       15        69       1         17.86      -322.20      228.61     -54.37      -3.84        0.91    
5.0        84       14        70       1         16.67      -131.13      260.85     -54.04      -1.56        0.97    


========================================================================================================================
BEST PERFORMING COMBINATIONS
========================================================================================================================

TOP 10 BY EXPECTANCY (min 10 trades):
------------------------------------------------------------------------------------------------------------------------
Rank   Timeframe    Setup Type    SL       RR     Trades   Win%     Expectancy   Total P/L    PF      
------------------------------------------------------------------------------------------------------------------------
1      15M          Bearish       25%      2.0    99       42.42    20.66        2044.93      1.74    
2      15M          Bearish       50%      2.5    99       34.34    16.18        1602.07      1.55    
3      15M          Bearish       100%     3.0    99       32.32    15.16        1501.23      1.62    
4      15M          Bullish       100%     5.0    84       22.62    14.00        1175.68      1.45    
5      15M          Bullish       100%     4.0    85       27.06    12.52        1063.97      1.42    
6      15M          Bearish       25%      1.5    99       46.46    11.61        1149.34      1.43    
7      15M          Bearish       100%     2.5    99       35.35    11.60        1148.14      1.49    
8      15M          Bearish       50%      2.0    99       39.39    11.06        1095.12      1.40    
9      15M          Bullish       100%     3.5    85       29.41    10.82        919.92       1.37    
10     15M          Bearish       25%      2.5    99       36.36    10.33        1022.47      1.30    


TOP 10 BY WIN RATE (min 10 trades):
------------------------------------------------------------------------------------------------------------------------
Rank   Timeframe    Setup Type    SL       RR     Trades   Win%     Expectancy   Total P/L    PF      
------------------------------------------------------------------------------------------------------------------------
1      15M          Bearish       25%      1.0    99       55.56    10.19        1008.76      1.48    
2      15M          Bearish       50%      1.0    99       53.54    8.41         832.31       1.43    
3      15M          Bearish       100%     1.0    99       51.52    5.95         588.63       1.38    
4      15M          Bearish       75%      1.0    99       51.52    6.58         651.78       1.37    
5      5M           Bearish       100%     1.0    116      48.28    -0.88        -102.53      0.92    
6      15M          Bullish       100%     1.0    85       48.24    4.90         416.41       1.28    
7      15M          Bullish       25%      1.0    85       48.24    0.52         44.02        1.02    
8      5M           Bearish       75%      1.0    116      47.41    -1.70        -197.28      0.87    
9      5M           Bearish       50%      1.0    116      47.41    -1.45        -167.98      0.90    
10     1M           Bearish       100%     1.0    138      47.10    0.03         3.83         1.00    


TOP 10 BY TOTAL PROFIT/LOSS (min 10 trades):
------------------------------------------------------------------------------------------------------------------------
Rank   Timeframe    Setup Type    SL       RR     Trades   Win%     Expectancy   Total P/L    PF      
------------------------------------------------------------------------------------------------------------------------
1      15M          Bearish       25%      2.0    99       42.42    20.66        2044.93      1.74    
2      15M          Bearish       50%      2.5    99       34.34    16.18        1602.07      1.55    
3      15M          Bearish       100%     3.0    99       32.32    15.16        1501.23      1.62    
4      15M          Bullish       100%     5.0    84       22.62    14.00        1175.68      1.45    
5      15M          Bearish       25%      1.5    99       46.46    11.61        1149.34      1.43    
6      15M          Bearish       100%     2.5    99       35.35    11.60        1148.14      1.49    
7      15M          Bearish       50%      2.0    99       39.39    11.06        1095.12      1.40    
8      15M          Bullish       100%     4.0    85       27.06    12.52        1063.97      1.42    
9      15M          Bearish       25%      2.5    99       36.36    10.33        1022.47      1.30    
10     15M          Bearish       25%      1.0    99       55.56    10.19        1008.76      1.48    

========================================================================================================================
LEGEND:
  Trades:     Total number of completed trades (excludes unknown outcomes)
  Winners:    Number of trades that hit Take-Profit
  Losers:     Number of trades that hit Stop-Loss
  Unknown:    Trades that didn't hit TP or SL within observation period
  Win Rate:   Percentage of winning trades
  Total P/L:  Total profit/loss in points
  Avg Win:    Average profit per winning trade
  Avg Loss:   Average loss per losing trade
  Expectancy: Expected profit per trade = (Win% × Avg Win) - (Loss% × |Avg Loss|)
  PF:         Profit Factor = Gross Profit / Gross Loss
========================================================================================================================
END OF RISK/REWARD ANALYSIS REPORT
========================================================================================================================