date,tokyo_start,tokyo_end,tokyo_high,tokyo_low,tokyo_eq,tokyo_range,breakout_type,breakout_time,breakout_price,manipulation_amplitude,returned_to_eq,return_time,time_to_return_hours,year
2018-01-01,2018-01-01 19:00:00,2018-01-02,7525.706115,7511.647587,7518.676851,14.05852799999957,LOW,2018-01-02 02:00:00,7499.053488,12.594099000000824,True,2018-01-02 06:00:00,4.0,2018
2018-01-02,2018-01-02 19:00:00,2018-01-03,7644.324951,7634.07394,7639.1994455,10.25101099999938,HIGH,2018-01-03 02:00:00,7646.668039,4.100404000000708,True,2018-01-03 07:00:00,5.0,2018
2018-01-03,2018-01-03 19:00:00,2018-01-04,7731.019211,7709.638532,7720.3288715,21.380678999999873,HIGH,2018-01-04 02:00:00,7734.240957,3.2217460000001665,True,2018-01-04 08:00:00,6.0,2018
2018-01-04,2018-01-04 19:00:00,2018-01-05,7746.835055,7731.897869,7739.366462,14.937185999999201,HIGH,2018-01-05 02:00:00,7753.278548,7.029265000000123,False,,,2018
2018-01-07,2018-01-07 19:00:00,2018-01-08,7820.642331,7809.805548,7815.2239395,10.836782999999741,LOW,2018-01-08 02:00:00,7809.512662,0.2928860000001805,True,2018-01-08 02:05:00,0.08333333333333333,2018
2018-01-08,2018-01-08 19:00:00,2018-01-09,7841.144352,7824.742735,7832.9435435,16.401617000000442,HIGH,2018-01-09 02:00:00,7842.02301,0.878657999999632,True,2018-01-09 08:00:00,6.0,2018
2018-01-09,2018-01-09 19:00:00,2018-01-10,7832.357771,7819.763673,7826.060722,12.594097999999576,LOW,2018-01-10 02:00:00,7816.834813,6.736378999999943,False,,,2018
2018-01-10,2018-01-10 19:00:00,2018-01-11,7829.428911,7807.46246,7818.4456855,21.966451000000234,HIGH,2018-01-11 02:00:00,7830.893341,2.6359739999998055,False,,,2018
2018-01-11,2018-01-11 19:00:00,2018-01-12,7890.642088,7871.018725,7880.830406499999,19.6233629999997,HIGH,2018-01-12 02:00:00,7901.47887,10.836782000000312,True,2018-01-12 07:00:00,5.0,2018
2018-01-14,2018-01-14 19:00:00,2018-01-15,7964.742249,7945.704658,7955.2234535,19.037591000000248,LOW,2018-01-15 02:00:00,7941.018482,5.271947999999611,False,,,2018
2018-01-15,2018-01-15 19:00:00,2018-01-16,7960.641845,7940.725596,7950.6837205,19.91624899999988,HIGH,2018-01-16 02:00:00,7961.813389,8.786581000000297,False,,,2018
2018-01-16,2018-01-16 19:00:00,2018-01-17,7933.696332,7910.851223,7922.2737775000005,22.845109000000775,HIGH,2018-01-17 02:00:00,7936.918078,10.836781999999403,True,2018-01-17 08:00:00,6.0,2018
2018-01-18,2018-01-18 19:00:00,2018-01-19,7996.373939,7968.256881,7982.31541,28.117057999999815,HIGH,2018-01-19 02:00:00,7998.131255,1.7573160000001735,False,,,2018
2018-01-21,2018-01-21 19:00:00,2018-01-22,8017.168846,8002.817431,8009.9931385,14.351414999999179,HIGH,2018-01-22 02:00:00,8022.440794,5.2719480000005206,True,2018-01-22 03:00:00,1.0,2018
2018-01-22,2018-01-22 19:00:00,2018-01-23,8141.938287,8117.628748,8129.7835175,24.30953899999986,HIGH,2018-01-23 02:00:00,8146.91735,4.979062999999769,True,2018-01-23 05:00:00,3.0,2018
2018-01-23,2018-01-23 19:00:00,2018-01-24,8171.226889,8152.189298,8161.708093499999,19.03759099999934,HIGH,2018-01-24 02:00:00,8177.377495,6.150606000000153,True,2018-01-24 08:00:00,6.0,2018
2018-01-24,2018-01-24 19:00:00,2018-01-25,8136.373453,8115.871432,8126.1224425,20.50202100000024,LOW,2018-01-25 02:00:00,8113.235458,2.6359739999998055,True,2018-01-25 02:15:00,0.25,2018
2018-01-25,2018-01-25 19:00:00,2018-01-26,8149.84621,8129.344189,8139.5951995,20.50202099999933,HIGH,2018-01-26 02:00:00,8150.431982,0.585772000000361,False,,,2018
2018-01-28,2018-01-28 19:00:00,2018-01-29,8256.163833,8226.582345,8241.373089,29.58148799999981,LOW,2018-01-29 02:00:00,8213.109589,13.472756000001027,False,,,2018
2018-01-31,2018-01-31 19:00:00,2018-02-01,8186.456961,8172.984205,8179.720583,13.472756000000118,LOW,2018-02-01 02:00:00,8165.954941,7.029263999999785,True,2018-02-01 02:30:00,0.5,2018
2018-02-01,2018-02-01 19:00:00,2018-02-02,8136.666339,8098.298271,8117.4823049999995,38.368068000000676,LOW,2018-02-02 02:00:00,8079.260681,19.03758999999991,False,,,2018
2018-02-04,2018-02-04 19:00:00,2018-02-05,7906.750819,7871.311611,7889.031215,35.43920799999978,HIGH,2018-02-05 02:00:00,7914.658741,7.907922000000326,True,2018-02-05 02:30:00,0.5,2018
2018-02-05,2018-02-05 19:00:00,2018-02-06,7566.417271,7334.158662,7450.2879665,232.25860900000043,HIGH,2018-02-06 02:00:00,7630.266422,63.84915099999944,True,2018-02-06 06:00:00,4.0,2018
2018-02-07,2018-02-07 19:00:00,2018-02-08,7712.567392,7647.839583,7680.2034875,64.72780899999998,HIGH,2018-02-08 02:00:00,7720.182428,16.108729999999923,True,2018-02-08 04:00:00,2.0,2018
2018-02-08,2018-02-08 19:00:00,2018-02-09,7460.392534,7367.254782,7413.823657999999,93.13775199999964,HIGH,2018-02-09 02:00:00,7472.693747,12.301213000000644,True,2018-02-09 05:00:00,3.0,2018
2018-02-11,2018-02-11 19:00:00,2018-02-12,7561.438209,7537.12867,7549.2834395,24.30953899999986,LOW,2018-02-12 02:00:00,7536.542898,3.2217460000001665,True,2018-02-12 02:10:00,0.16666666666666666,2018
2018-02-12,2018-02-12 19:00:00,2018-02-13,7675.370868,7628.21622,7651.793544,47.154647999999725,LOW,2018-02-13 02:00:00,7614.157691,22.259337000000414,False,,,2018
2018-02-13,2018-02-13 19:00:00,2018-02-14,7697.923091,7675.95664,7686.9398655,21.966450999999324,HIGH,2018-02-14 02:00:00,7730.726325,36.31786600000032,True,2018-02-14 07:00:00,5.0,2018
2018-02-14,2018-02-14 19:00:00,2018-02-15,7887.127456,7830.014683,7858.5710695,57.112772999999834,HIGH,2018-02-15 02:00:00,7895.035378,7.907921999999417,True,2018-02-15 08:00:00,6.0,2018
2018-02-15,2018-02-15 19:00:00,2018-02-16,8019.219048,7991.394877,8005.3069625,27.824171000000206,HIGH,2018-02-16 02:00:00,8031.52026,12.301212000000305,True,2018-02-16 05:00:00,3.0,2018
2018-02-19,2018-02-19 19:00:00,2018-02-20,7959.177415,7921.395119,7940.2862669999995,37.782296000000315,LOW,2018-02-20 02:00:00,7918.759145,2.6359739999998055,True,2018-02-20 08:00:00,6.0,2018
2018-02-21,2018-02-21 19:00:00,2018-02-22,7888.299,7843.194554,7865.746777,45.10444600000028,HIGH,2018-02-22 02:00:00,7893.278062,4.97906200000034,True,2018-02-22 03:00:00,1.0,2018
2018-02-25,2018-02-25 19:00:00,2018-02-26,8099.176929,8073.40296,8086.2899445,25.773968999999852,HIGH,2018-02-26 02:00:00,8103.277334,13.472756999999547,False,,,2018
2018-02-26,2018-02-26 19:00:00,2018-02-27,8211.352273,8180.306355,8195.829314,31.04591800000071,LOW,2018-02-27 02:00:00,8180.013469,0.292885999999271,True,2018-02-27 02:05:00,0.08333333333333333,2018
2018-02-28,2018-02-28 19:00:00,2018-03-01,8059.051546,8014.532872,8036.792208999999,44.51867399999992,HIGH,2018-03-01 02:00:00,8069.302556,23.137995000000046,True,2018-03-01 03:00:00,1.0,2018
2018-03-04,2018-03-04 19:00:00,2018-03-05,7979.093664,7924.031093,7951.5623785,55.06257100000039,LOW,2018-03-05 02:00:00,7900.01444,24.01665299999968,True,2018-03-05 02:30:00,0.5,2018
2018-03-05,2018-03-05 19:00:00,2018-03-06,8084.239743,8058.172888,8071.2063155,26.066855000000032,HIGH,2018-03-06 02:00:00,8092.733437,8.493693999999778,False,,,2018
2018-03-07,2018-03-07 19:00:00,2018-03-08,8125.243785,8103.863106,8114.5534455,21.380678999999873,HIGH,2018-03-08 02:00:00,8136.959225,11.715439999999944,False,,,2018
2018-03-11,2018-03-11 19:00:00,2018-03-12,8373.175849,8340.197951,8356.6869,32.977897999999186,HIGH,2018-03-12 02:00:00,8373.759529,4.961277000000337,True,2018-03-12 03:00:00,1.0,2018
2018-03-12,2018-03-12 19:00:00,2018-03-13,8367.047213,8348.077626,8357.5624195,18.969586999999592,HIGH,2018-03-13 02:00:00,8367.339053,3.5020779999995284,False,,,2018
2018-03-13,2018-03-13 19:00:00,2018-03-14,8251.186811,8221.127311,8236.157061,30.05949999999939,HIGH,2018-03-14 02:00:00,8252.35417,32.394218000001274,False,,,2018
2018-03-14,2018-03-14 19:00:00,2018-03-15,8258.482806,8203.325082,8230.903944,55.1577240000006,HIGH,2018-03-15 02:00:00,8261.401204,2.9183979999997973,True,2018-03-15 05:00:00,3.0,2018
2018-03-15,2018-03-15 19:00:00,2018-03-16,8266.070641,8236.011141,8251.040891,30.05949999999939,LOW,2018-03-16 02:00:00,8231.633544,4.3775970000006055,True,2018-03-16 03:00:00,1.0,2018
2018-03-19,2018-03-19 19:00:00,2018-03-20,8061.199097,8032.890636,8047.0448665,28.308460999999625,HIGH,2018-03-20 02:00:00,8064.117495,2.918398000000707,True,2018-03-20 03:00:00,1.0,2018
2018-03-21,2018-03-21 19:00:00,2018-03-22,8072.28901,8035.517195,8053.9031025,36.77181500000006,LOW,2018-03-22 02:00:00,7952.34285,83.17434500000036,False,,,2018
2018-03-22,2018-03-22 19:00:00,2018-03-23,7768.191933,7697.85854,7733.0252365,70.33339299999989,HIGH,2018-03-23 02:00:00,7771.110331,20.136946999999964,True,2018-03-23 04:00:00,2.0,2018
2018-03-25,2018-03-25 19:00:00,2018-03-26,7729.960919,7662.254084,7696.107501500001,67.70683499999996,HIGH,2018-03-26 02:00:00,7749.514186,27.432941000000028,False,,,2018
2018-03-26,2018-03-26 19:00:00,2018-03-27,7962.557243,7921.99151,7942.2743765,40.565733000000364,HIGH,2018-03-27 02:00:00,7975.106355,28.60030099999949,True,2018-03-27 08:00:00,6.0,2018
2018-03-27,2018-03-27 19:00:00,2018-03-28,7683.850229,7589.877812,7636.864020499999,93.97241699999995,LOW,2018-03-28 02:00:00,7577.036861,12.840951000000132,True,2018-03-28 02:05:00,0.08333333333333333,2018
2018-03-28,2018-03-28 19:00:00,2018-03-29,7589.877812,7551.646798,7570.762305,38.23101399999996,HIGH,2018-03-29 02:00:00,7608.55556,18.677748000000065,True,2018-03-29 08:00:00,6.0,2018
2018-04-01,2018-04-01 19:00:00,2018-04-02,7677.137914,7648.537613,7662.8377635,28.60030099999949,LOW,2018-04-02 02:00:00,7640.949778,16.051189000000704,True,2018-04-02 05:00:00,3.0,2018
2018-04-02,2018-04-02 19:00:00,2018-04-03,7509.621866,7468.764293,7489.193079500001,40.85757300000023,HIGH,2018-04-03 02:00:00,7514.583142,7.587834999999359,True,2018-04-03 08:00:00,6.0,2018
2018-04-03,2018-04-03 19:00:00,2018-04-04,7537.346647,7501.742191,7519.544419,35.60445600000003,LOW,2018-04-04 02:00:00,7490.360439,61.87003900000036,False,,,2018
2018-04-04,2018-04-04 19:00:00,2018-04-05,7742.21819,7682.39103,7712.304609999999,59.82715999999982,HIGH,2018-04-05 02:00:00,7743.38555,25.973743000000468,True,2018-04-05 04:00:00,2.0,2018
2018-04-05,2018-04-05 19:00:00,2018-04-06,7635.112982,7570.616385,7602.8646835,64.49659699999938,HIGH,2018-04-06 02:00:00,7650.580492,15.467510000000402,False,,,2018
2018-04-12,2018-04-12 19:00:00,2018-04-13,7777.530807,7757.6857,7767.6082535000005,19.845107000000098,HIGH,2018-04-13 02:00:00,7782.783923,5.253115999999864,True,2018-04-13 02:15:00,0.25,2018
2018-04-15,2018-04-15 19:00:00,2018-04-16,7808.757666,7764.689855,7786.7237605,44.0678110000008,LOW,2018-04-16 02:00:00,7753.891783,10.798071999999593,True,2018-04-16 03:00:00,1.0,2018
2018-04-16,2018-04-16 19:00:00,2018-04-17,7866.833787,7825.392535,7846.113160999999,41.44125199999962,HIGH,2018-04-17 02:00:00,7875.005302,8.171515,False,,,2018
2018-04-18,2018-04-18 19:00:00,2018-04-19,8015.380248,8001.080098,8008.230173,14.30015000000003,LOW,2018-04-19 02:00:00,7989.990185,11.089913000000706,False,,,2018
2018-04-19,2018-04-19 19:00:00,2018-04-20,7926.660947,7897.185127,7911.9230370000005,29.475820000000567,LOW,2018-04-20 02:00:00,7896.893287,36.479975999999624,True,2018-04-20 05:00:00,3.0,2018
2018-04-22,2018-04-22 19:00:00,2018-04-23,7824.517015,7798.251433,7811.384224,26.265581999999995,LOW,2018-04-23 02:00:00,7780.741045,17.510388000000603,True,2018-04-23 06:00:00,4.0,2018
2018-04-23,2018-04-23 19:00:00,2018-04-24,7802.92087,7767.608253,7785.2645615,35.31261699999959,HIGH,2018-04-24 02:00:00,7806.714787,3.793916999999965,True,2018-04-24 02:05:00,0.08333333333333333,2018
2018-04-25,2018-04-25 19:00:00,2018-04-26,7719.162846,7674.219516,7696.691181,44.94333000000006,LOW,2018-04-26 02:00:00,7657.000967,17.218549000000166,True,2018-04-26 04:00:00,2.0,2018
2018-04-26,2018-04-26 19:00:00,2018-04-27,7881.133938,7857.494913,7869.314425500001,23.639024999999492,HIGH,2018-04-27 02:00:00,7883.760496,2.626557999999932,True,2018-04-27 02:30:00,0.5,2018
2018-04-30,2018-04-30 19:00:00,2018-05-01,7737.256914,7720.330205,7728.7935595,16.92670899999939,LOW,2018-05-01 02:00:00,7718.287326,2.0428790000005392,True,2018-05-01 02:05:00,0.08333333333333333,2018
2018-05-02,2018-05-02 19:00:00,2018-05-03,7752.432584,7731.128278,7741.780431,21.304305999999997,HIGH,2018-05-03 02:00:00,7755.350982,7.58783399999993,True,2018-05-03 06:00:00,4.0,2018
2018-05-08,2018-05-08 19:00:00,2018-05-09,7966.93484,7952.92653,7959.930684999999,14.008310000000165,HIGH,2018-05-09 02:00:00,7984.445229,17.510389000000032,False,,,2018
2018-05-10,2018-05-10 19:00:00,2018-05-11,8137.661126,8123.069136,8130.3651310000005,14.591989999999896,LOW,2018-05-11 02:00:00,8116.064981,7.295995000000403,True,2018-05-11 03:00:00,1.0,2018
2018-05-13,2018-05-13 19:00:00,2018-05-14,8164.802228,8151.377597,8158.0899125,13.424630999999863,LOW,2018-05-14 02:00:00,8140.287685,11.089911999999458,True,2018-05-14 08:00:00,6.0,2018
2018-05-14,2018-05-14 19:00:00,2018-05-15,8144.373442,8116.9405,8130.656971,27.432942000000367,LOW,2018-05-15 02:00:00,8114.605782,2.3347180000000662,True,2018-05-15 05:00:00,3.0,2018
2018-05-15,2018-05-15 19:00:00,2018-05-16,8050.984704,8033.766156,8042.37543,17.218548000000737,HIGH,2018-05-16 02:00:00,8062.950136,11.965431999999964,True,2018-05-16 04:00:00,2.0,2018
2018-05-16,2018-05-16 19:00:00,2018-05-17,8106.726107,8073.164529,8089.945318,33.561578000000736,LOW,2018-05-17 02:00:00,8065.284855,7.879673999999795,False,,,2018
2018-05-20,2018-05-20 19:00:00,2018-05-21,8095.636194,8081.919724,8088.777959,13.71646999999939,LOW,2018-05-21 02:00:00,8053.319423,28.6003010000004,True,2018-05-21 07:00:00,5.0,2018
2018-05-21,2018-05-21 19:00:00,2018-05-22,8078.417646,8064.993015,8071.7053305,13.424630999999863,HIGH,2018-05-22 02:00:00,8081.044204,2.626557999999932,False,,,2018
2018-05-22,2018-05-22 19:00:00,2018-05-23,8061.199097,8016.839447,8039.019272,44.35964999999942,LOW,2018-05-23 02:00:00,7991.157544,25.681903000000602,False,,,2018
2018-05-23,2018-05-23 19:00:00,2018-05-24,8115.481301,8084.254442,8099.867871500001,31.226858999999422,HIGH,2018-05-24 02:00:00,8122.193617,26.849262000000635,True,2018-05-24 08:00:00,6.0,2018
2018-05-28,2018-05-28 19:00:00,2018-05-29,8159.257272,8128.905932,8144.081602,30.351340000000164,LOW,2018-05-29 02:00:00,8105.558748,42.02493199999935,False,,,2018
2018-05-29,2018-05-29 19:00:00,2018-05-30,8112.562903,8076.374767,8094.468835,36.18813599999976,HIGH,2018-05-30 02:00:00,8136.493767,23.93086399999993,False,,,2018
2018-05-30,2018-05-30 19:00:00,2018-05-31,8167.720626,8139.412165,8153.5663955,28.308461000000534,HIGH,2018-05-31 02:00:00,8173.849262,6.12863599999946,True,2018-05-31 05:00:00,3.0,2018
2018-05-31,2018-05-31 19:00:00,2018-06-01,8165.094068,8147.0,8156.047034,18.094068000000334,HIGH,2018-06-01 02:00:00,8178.518699,13.424630999999863,False,,,2018
2018-06-03,2018-06-03 19:00:00,2018-06-04,8299.924058,8271.323757,8285.623907500001,28.6003010000004,HIGH,2018-06-04 02:00:00,8306.636374,6.712315999999191,False,,,2018
2018-06-06,2018-06-06 19:00:00,2018-06-07,8437.964286,8418.119179,8428.0417325,19.845107000001008,HIGH,2018-06-07 02:00:00,8440.299004,5.836795999999595,True,2018-06-07 03:00:00,1.0,2018
2018-06-07,2018-06-07 19:00:00,2018-06-08,8359.167538,8326.234611,8342.7010745,32.932926999999836,LOW,2018-06-08 02:00:00,8304.127504,22.107106999999814,False,,,2018
2018-06-10,2018-06-10 19:00:00,2018-06-11,8347.469069,8328.561675,8338.015372000002,18.90739399999984,HIGH,2018-06-11 02:00:00,8351.832314,12.217085000000225,True,2018-06-11 07:00:00,5.0,2018
2018-06-11,2018-06-11 19:00:00,2018-06-12,8386.447389,8355.32291,8370.885149500002,31.124479000000065,HIGH,2018-06-12 02:00:00,8391.101517,4.654127999998309,True,2018-06-12 03:00:00,1.0,2018
2018-06-12,2018-06-12 19:00:00,2018-06-13,8444.333104,8428.043656,8436.18838,16.28944799999954,LOW,2018-06-13 02:00:00,8413.499507,14.54414899999938,True,2018-06-13 08:00:00,6.0,2018
2018-06-13,2018-06-13 19:00:00,2018-06-14,8427.171007,8390.228868,8408.699937500001,36.94213900000068,LOW,2018-06-14 02:00:00,8384.992974,6.6903089999996155,True,2018-06-14 05:00:00,3.0,2018
2018-06-14,2018-06-14 19:00:00,2018-06-15,8515.599435,8495.819392,8505.7094135,19.78004300000066,LOW,2018-06-15 02:00:00,8480.693477,15.125914999998713,False,,,2018
2018-06-18,2018-06-18 19:00:00,2018-06-19,8421.353348,8364.631165,8392.992256500002,56.72218299999986,LOW,2018-06-19 02:00:00,8352.123197,31.41536200000155,True,2018-06-19 08:00:00,6.0,2018
2018-06-21,2018-06-21 19:00:00,2018-06-22,8431.243369,8410.299794,8420.771581500001,20.943574999999328,HIGH,2018-06-22 02:00:00,8440.551625,18.616511000000173,True,2018-06-22 08:00:00,6.0,2018
2018-06-24,2018-06-24 19:00:00,2018-06-25,8403.900368,8346.887303,8375.3938355,57.013065000001006,LOW,2018-06-25 02:00:00,8345.432888,1.4544150000001537,False,,,2018
2018-06-25,2018-06-25 19:00:00,2018-06-26,8237.806183,8191.846671,8214.826427,45.95951200000036,HIGH,2018-06-26 02:00:00,8244.496492,8.726489999999103,True,2018-06-26 02:45:00,0.75,2018
2018-06-26,2018-06-26 19:00:00,2018-06-27,8283.765695,8243.33296,8263.5493275,40.43273500000032,LOW,2018-06-27 02:00:00,8173.811926,69.52103399999942,True,2018-06-27 07:00:00,5.0,2018
2018-06-27,2018-06-27 19:00:00,2018-06-28,8174.975458,8139.487733,8157.2315954999995,35.487724999999955,HIGH,2018-06-28 02:00:00,8182.247533,7.272074999999859,True,2018-06-28 02:05:00,0.08333333333333333,2018
2018-06-28,2018-06-28 19:00:00,2018-06-29,8262.82212,8197.082565,8229.9523425,65.73955500000011,HIGH,2018-06-29 02:00:00,8272.130375,9.308254999999917,True,2018-06-29 05:00:00,3.0,2018
2018-07-01,2018-07-01 19:00:00,2018-07-02,8247.114439,8179.629586,8213.3720125,67.48485300000084,LOW,2018-07-02 02:00:00,8152.868351,43.92333099999996,False,,,2018
2018-07-02,2018-07-02 19:00:00,2018-07-03,8303.545738,8257.00446,8280.275099,46.5412780000006,HIGH,2018-07-03 02:00:00,8307.908983,4.363244999998642,True,2018-07-03 08:00:00,6.0,2018
2018-07-04,2018-07-04 19:00:00,2018-07-05,8199.991395,8164.794553,8182.392973999999,35.19684199999938,HIGH,2018-07-05 02:00:00,8210.463182,10.471787000000404,False,,,2018
2018-07-09,2018-07-09 19:00:00,2018-07-10,8535.088595,8508.327361,8521.707977999999,26.761233999999604,LOW,2018-07-10 02:00:00,8508.036478,7.853841000000102,True,2018-07-10 05:00:00,3.0,2018
2018-07-16,2018-07-16 19:00:00,2018-07-17,8539.160957,8500.182637,8519.671796999999,38.97832000000017,LOW,2018-07-17 02:00:00,8496.982924,9.308256000000256,True,2018-07-17 06:00:00,4.0,2018
2018-07-17,2018-07-17 19:00:00,2018-07-18,8654.059737,8633.697928,8643.878832499999,20.361808999999994,LOW,2018-07-18 02:00:00,8631.95263,1.7452979999998206,False,,,2018
2018-07-18,2018-07-18 19:00:00,2018-07-19,8628.752917,8608.391108,8618.5720125,20.361808999999994,LOW,2018-07-19 02:00:00,8601.700799,12.217085000000225,False,,,2018
2018-07-23,2018-07-23 19:00:00,2018-07-24,8665.985939,8644.460598,8655.2232685,21.52534100000048,LOW,2018-07-24 02:00:00,8636.606758,7.853839999999764,True,2018-07-24 04:00:00,2.0,2018
2018-07-24,2018-07-24 19:00:00,2018-07-25,8627.589385,8606.64581,8617.1175975,20.943574999999328,HIGH,2018-07-25 02:00:00,8634.279694,6.6903090000014345,True,2018-07-25 06:00:00,4.0,2018
2018-07-26,2018-07-26 19:00:00,2018-07-27,8666.567705,8643.587949,8655.077827000001,22.979755999998815,HIGH,2018-07-27 02:00:00,8668.02212,1.4544150000001537,True,2018-07-27 06:00:00,4.0,2018
2018-07-30,2018-07-30 19:00:00,2018-07-31,8399.537124,8366.958229,8383.2476765,32.57889500000056,HIGH,2018-07-31 02:00:00,8405.645666,6.108541999999943,True,2018-07-31 03:00:00,1.0,2018
2018-08-01,2018-08-01 19:00:00,2018-08-02,8485.929371,8437.642795,8461.786082999999,48.28657600000042,LOW,2018-08-02 02:00:00,8420.480699,17.16209600000002,False,,,2018
2018-08-02,2018-08-02 19:00:00,2018-08-03,8602.282565,8587.447533,8594.865049,14.835031999999046,LOW,2018-08-03 02:00:00,8586.284001,1.4544150000001537,True,2018-08-03 02:30:00,0.5,2018
2018-08-05,2018-08-05 19:00:00,2018-08-06,8638.352056,8614.790534,8626.571295,23.561521999999968,LOW,2018-08-06 02:00:00,8613.045236,1.7452979999998206,True,2018-08-06 05:00:00,3.0,2018
2018-08-06,2018-08-06 19:00:00,2018-08-07,8682.56627,8660.459163,8671.5127165,22.107106999999814,HIGH,2018-08-07 02:00:00,8693.910706,11.926202000000558,False,,,2018
2018-08-07,2018-08-07 19:00:00,2018-08-08,8705.255143,8690.129227,8697.692185,15.12591600000087,LOW,2018-08-08 02:00:00,8686.638631,3.490595999999641,True,2018-08-08 02:45:00,0.75,2018
2018-08-09,2018-08-09 19:00:00,2018-08-10,8689.256578,8645.333247,8667.294912500001,43.92333099999996,LOW,2018-08-10 02:00:00,8643.587949,1.7452979999998206,False,,,2018
2018-08-13,2018-08-13 19:00:00,2018-08-14,8660.459163,8637.479407,8648.969285,22.979755999998815,HIGH,2018-08-14 02:00:00,8680.239206,25.30681900000127,True,2018-08-14 08:00:00,6.0,2018
2018-08-19,2018-08-19 19:00:00,2018-08-20,8614.208768,8593.846959,8604.0278635,20.361808999999994,HIGH,2018-08-20 02:00:00,8628.171151,19.198276999999507,True,2018-08-20 08:00:00,6.0,2018
2018-08-20,2018-08-20 19:00:00,2018-08-21,8601.700799,8574.066916,8587.8838575,27.633883000000424,HIGH,2018-08-21 02:00:00,8605.773161,5.235893999999462,False,,,2018
2018-08-29,2018-08-29 19:00:00,2018-08-30,8925.744446,8907.127935,8916.4361905,18.616511000000173,LOW,2018-08-30 02:00:00,8905.67352,1.4544150000001537,False,,,2018
2018-09-02,2018-09-02 19:00:00,2018-09-03,8933.598287,8915.563542,8924.5809145,18.03474500000084,LOW,2018-09-03 02:00:00,8914.40001,2.6179470000006404,True,2018-09-03 03:00:00,1.0,2018
2018-09-03,2018-09-03 19:00:00,2018-09-04,8939.415947,8909.745882,8924.580914499998,29.67006500000025,HIGH,2018-09-04 02:00:00,8946.106256,12.507967999999892,True,2018-09-04 04:00:00,2.0,2018
2018-09-04,2018-09-04 19:00:00,2018-09-05,8893.165552,8866.986083,8880.075817500001,26.17946900000061,LOW,2018-09-05 02:00:00,8854.478115,29.67006399999991,False,,,2018
2018-09-05,2018-09-05 19:00:00,2018-09-06,8772.739995,8751.505537,8762.122766,21.234458000000814,LOW,2018-09-06 02:00:00,8739.870218,11.926201999998739,True,2018-09-06 03:00:00,1.0,2018
2018-09-06,2018-09-06 19:00:00,2018-09-07,8672.094482,8642.424417,8657.259449500001,29.67006500000025,HIGH,2018-09-07 02:00:00,8680.239206,8.14472399999977,True,2018-09-07 04:00:00,2.0,2018
2018-09-09,2018-09-09 19:00:00,2018-09-10,8682.275387,8658.422982,8670.349184499999,23.852404999999635,HIGH,2018-09-10 02:00:00,8687.802163,5.526776000000609,True,2018-09-10 08:00:00,6.0,2018
2018-09-11,2018-09-11 19:00:00,2018-09-12,8749.76024,8729.980196,8739.870218,19.78004399999918,HIGH,2018-09-12 02:00:00,8769.831166,20.070926000000327,True,2018-09-12 06:00:00,4.0,2018
2018-09-13,2018-09-13 19:00:00,2018-09-14,8822.596767,8803.177142,8812.886954500002,19.41962500000045,HIGH,2018-09-14 02:00:00,8840.567167,19.999315999999453,True,2018-09-14 08:00:00,6.0,2018
2018-09-16,2018-09-16 19:00:00,2018-09-17,8771.294174,8755.35269,8763.323432000001,15.941484000000855,LOW,2018-09-17 02:00:00,8753.61362,1.7390699999996286,True,2018-09-17 02:30:00,0.5,2018
2018-09-17,2018-09-17 19:00:00,2018-09-18,8646.370911,8605.792589,8626.081750000001,40.57832199999939,HIGH,2018-09-18 02:00:00,8665.790537,28.114980000000287,False,,,2018
2018-09-19,2018-09-19 19:00:00,2018-09-20,8736.22291,8714.484523,8725.3537165,21.73838700000124,LOW,2018-09-20 02:00:00,8714.194678,0.2898449999993318,True,2018-09-20 02:45:00,0.75,2018
2018-09-20,2018-09-20 19:00:00,2018-09-21,8841.436702,8817.669399,8829.5530505,23.76730300000054,HIGH,2018-09-21 02:00:00,8854.76958,13.332877999999255,True,2018-09-21 05:00:00,3.0,2018
2018-09-26,2018-09-26 19:00:00,2018-09-27,8829.263206,8801.438071,8815.3506385,27.825134999999136,LOW,2018-09-27 02:00:00,8795.061477,6.376594000001205,True,2018-09-27 02:05:00,0.08333333333333333,2018
2018-09-27,2018-09-27 19:00:00,2018-09-28,8897.666663,8874.768896,8886.217779499999,22.897767000000385,LOW,2018-09-28 02:00:00,8860.276638,14.49225800000022,False,,,2018
2018-09-30,2018-09-30 19:00:00,2018-10-01,8942.882508,8907.521398,8925.201953,35.361109999999826,HIGH,2018-10-01 02:00:00,8946.650495,3.767986999999266,True,2018-10-01 07:00:00,5.0,2018
2018-10-01,2018-10-01 19:00:00,2018-10-02,8899.985424,8875.058741,8887.5220825,24.926682999999684,LOW,2018-10-02 02:00:00,8862.305554,13.043032000001404,True,2018-10-02 08:00:00,6.0,2018
2018-10-03,2018-10-03 19:00:00,2018-10-04,8866.653231,8832.451503,8849.552367,34.201728,LOW,2018-10-04 02:00:00,8819.698316,12.753187000000253,True,2018-10-04 08:00:00,6.0,2018
2018-10-04,2018-10-04 19:00:00,2018-10-05,8741.729968,8698.543039,8720.1365035,43.18692899999951,LOW,2018-10-05 02:00:00,8691.876601,12.173495999999432,True,2018-10-05 07:00:00,5.0,2018
2018-10-07,2018-10-07 19:00:00,2018-10-08,8632.458343,8602.024602,8617.2414725,30.433741000000737,LOW,2018-10-08 02:00:00,8587.532344,21.158696999998938,False,,,2018
2018-10-08,2018-10-08 19:00:00,2018-10-09,8577.677609,8554.200151,8565.93888,23.477458000001207,LOW,2018-10-09 02:00:00,8553.04077,1.1593809999994846,True,2018-10-09 02:05:00,0.08333333333333333,2018
2018-10-10,2018-10-10 19:00:00,2018-10-11,8153.054452,8029.290569,8091.1725105000005,123.76388300000053,HIGH,2018-10-11 02:00:00,8164.648258,11.593805999999859,True,2018-10-11 03:00:00,1.0,2018
2018-10-11,2018-10-11 19:00:00,2018-10-12,8282.035547,8195.66169,8238.8486185,86.37385699999868,HIGH,2018-10-12 02:00:00,8308.411457,29.564206000000922,False,,,2018
2018-10-14,2018-10-14 19:00:00,2018-10-15,8314.498205,8260.587006,8287.542605499999,53.911199000000124,LOW,2018-10-15 02:00:00,8231.022799,29.564206999999442,True,2018-10-15 06:00:00,4.0,2018
2018-10-16,2018-10-16 19:00:00,2018-10-17,8520.867958,8499.999106,8510.433532,20.868852000001425,HIGH,2018-10-17 02:00:00,8542.89619,22.028231999998752,True,2018-10-17 03:00:00,1.0,2018
2018-10-17,2018-10-17 19:00:00,2018-10-18,8453.913726,8426.088591,8440.0011585,27.825135000000955,HIGH,2018-10-18 02:00:00,8469.275519,15.361793000000034,True,2018-10-18 02:05:00,0.08333333333333333,2018
2018-10-21,2018-10-21 19:00:00,2018-10-22,8276.238644,8181.749123,8228.9938835,94.48952099999951,HIGH,2018-10-22 02:00:00,8291.020747,22.02823200000057,False,,,2018
2018-10-22,2018-10-22 19:00:00,2018-10-23,8282.325392,8191.024168,8236.674780000001,91.30122400000073,LOW,2018-10-23 02:00:00,8170.155316,20.868851999999606,False,,,2018
2018-10-23,2018-10-23 19:00:00,2018-10-24,8318.556037,8236.819703,8277.68787,81.73633400000108,LOW,2018-10-24 02:00:00,8193.632774,43.18692899999951,True,2018-10-24 06:00:00,4.0,2018
2018-10-24,2018-10-24 19:00:00,2018-10-25,7991.900544,7921.468171,7956.6843575,70.43237299999964,HIGH,2018-10-25 02:00:00,8010.450634,18.550089999999727,True,2018-10-25 02:05:00,0.08333333333333333,2018
2018-10-28,2018-10-28 19:00:00,2018-10-29,8046.391434,7992.77008,8019.580757,53.62135399999988,LOW,2018-10-29 02:00:00,7979.727047,13.043032999999923,True,2018-10-29 03:00:00,1.0,2018
2018-10-30,2018-10-30 19:00:00,2018-10-31,7959.148041,7903.207926,7931.1779835,55.94011500000033,HIGH,2018-10-31 02:00:00,7968.712931,19.12978099999964,False,,,2018
2018-10-31,2018-10-31 19:00:00,2018-11-01,8124.939472,8081.172853,8103.0561625,43.76661899999999,LOW,2018-11-01 02:00:00,8060.014156,21.158696999999847,True,2018-11-01 03:00:00,1.0,2018
2018-11-01,2018-11-01 19:00:00,2018-11-02,8234.500941,8123.780091,8179.1405159999995,110.72085000000061,HIGH,2018-11-02 02:00:00,8252.471341,30.723587000000407,True,2018-11-02 08:00:00,6.0,2018
2018-11-05,2018-11-05 19:00:00,2018-11-06,8077.404866,8040.884376,8059.1446209999995,36.52048999999988,LOW,2018-11-06 02:00:00,8024.942892,15.941483999999946,True,2018-11-06 08:00:00,6.0,2018
2018-11-06,2018-11-06 19:00:00,2018-11-07,8208.125032,8103.201085,8155.6630585,104.92394700000023,HIGH,2018-11-07 02:00:00,8235.950167,27.825135000000955,False,,,2018
2018-11-08,2018-11-08 19:00:00,2018-11-09,8306.382541,8270.441741,8288.412141,35.94080000000031,LOW,2018-11-09 02:00:00,8256.819019,29.564206000000922,False,,,2018
2018-11-12,2018-11-12 19:00:00,2018-11-13,7987.263022,7885.237526,7936.250274,102.0254960000002,HIGH,2018-11-13 02:00:00,8004.653731,17.390709000000243,False,,,2018
2018-11-13,2018-11-13 19:00:00,2018-11-14,7988.132557,7935.960429,7962.046493,52.17212800000016,LOW,2018-11-14 02:00:00,7898.280558,78.83788300000015,True,2018-11-14 07:00:00,5.0,2018
2018-11-14,2018-11-14 19:00:00,2018-11-15,7899.439939,7827.558339,7863.499139,71.88159999999971,HIGH,2018-11-15 02:00:00,7933.931512,34.491573000000244,True,2018-11-15 04:00:00,2.0,2018
2018-11-18,2018-11-18 19:00:00,2018-11-19,7982.335654,7955.669899,7969.0027765,26.66575499999999,HIGH,2018-11-19 02:00:00,7995.958376,57.38934099999915,True,2018-11-19 05:00:00,3.0,2018
2018-11-19,2018-11-19 19:00:00,2018-11-20,7725.532844,7689.302199,7707.4175215,36.23064500000055,LOW,2018-11-20 02:00:00,7657.709077,31.593121999999312,False,,,2018
2018-11-20,2018-11-20 19:00:00,2018-11-21,7645.53558,7573.943826,7609.739702999999,71.59175400000004,HIGH,2018-11-21 02:00:00,7658.288767,12.753187000000253,True,2018-11-21 04:00:00,2.0,2018
2018-11-21,2018-11-21 19:00:00,2018-11-22,7649.593412,7606.986174,7628.289793,42.60723800000051,LOW,2018-11-22 02:00:00,7590.465,16.52117399999952,False,,,2018
2018-11-22,2018-11-22 19:00:00,2018-11-23,7600.02989,7557.132807,7578.5813485,42.89708299999984,HIGH,2018-11-23 02:00:00,7611.333851,11.303961000000527,True,2018-11-23 02:05:00,0.08333333333333333,2018
2018-11-25,2018-11-25 19:00:00,2018-11-26,7632.782393,7595.392368,7614.0873805,37.390025000000605,HIGH,2018-11-26 02:00:00,7679.447464,73.04097999999976,False,,,2018
2018-11-29,2018-11-29 19:00:00,2018-11-30,8016.537382,7993.34977,8004.943576,23.187612000000627,LOW,2018-11-30 02:00:00,7986.683331,6.666438999999627,True,2018-11-30 02:05:00,0.08333333333333333,2018
2018-12-02,2018-12-02 19:00:00,2018-12-03,8250.73227,8197.110916,8223.921593,53.62135400000079,HIGH,2018-12-03 02:00:00,8276.818334,26.08606399999917,True,2018-12-03 07:00:00,5.0,2018
2018-12-04,2018-12-04 19:00:00,2018-12-05,7930.743216,7906.686068,7918.714642,24.05714799999987,HIGH,2018-12-05 02:00:00,7939.728416,16.81101899999976,True,2018-12-05 02:15:00,0.25,2018
2018-12-06,2018-12-06 19:00:00,2018-12-07,7935.670583,7893.932881,7914.801732,41.737702000000354,LOW,2018-12-07 02:00:00,7842.630288,51.30259299999943,True,2018-12-07 07:00:00,5.0,2018
2018-12-09,2018-12-09 19:00:00,2018-12-10,7637.419916,7598.580665,7618.0002905,38.83925099999942,HIGH,2018-12-10 02:00:00,7667.563812,30.143896000000495,False,,,2018
2018-12-12,2018-12-12 19:00:00,2018-12-13,7909.584519,7859.151462,7884.3679905,50.43305700000019,HIGH,2018-12-13 02:00:00,7927.554919,17.970400000000154,True,2018-12-13 02:30:00,0.5,2018
2018-12-13,2018-12-13 19:00:00,2018-12-14,7806.399643,7741.214807,7773.8072250000005,65.18483599999945,LOW,2018-12-14 02:00:00,7712.342605,28.87220200000047,False,,,2018
2018-12-16,2018-12-16 19:00:00,2018-12-17,7686.935067,7662.97114,7674.9531035,23.963927000000695,LOW,2018-12-17 02:00:00,7645.647818,26.85114799999974,True,2018-12-17 04:00:00,2.0,2018
2018-12-18,2018-12-18 19:00:00,2018-12-19,7533.623674,7499.265754,7516.444714,34.35792000000038,HIGH,2018-12-19 02:00:00,7541.996613,8.37293899999986,True,2018-12-19 08:00:00,6.0,2018
2018-12-20,2018-12-20 19:00:00,2018-12-21,7302.357336,7261.936253,7282.1467945,40.42108300000018,LOW,2018-12-21 02:00:00,7241.148268,20.787984999999935,True,2018-12-21 02:05:00,0.08333333333333333,2018
2018-12-23,2018-12-23 19:00:00,2018-12-24,7054.345121,6994.579663,7024.462392,59.76545799999985,HIGH,2018-12-24 02:00:00,7059.542117,17.034598999999616,True,2018-12-24 06:00:00,4.0,2018
2018-12-26,2018-12-26 19:00:00,2018-12-27,7281.569351,7198.417409,7239.99338,83.15194200000042,LOW,2018-12-27 02:00:00,7150.200832,48.21657699999923,False,,,2018
2018-12-27,2018-12-27 19:00:00,2018-12-28,7330.652094,7267.421972,7299.0370330000005,63.23012199999994,LOW,2018-12-28 02:00:00,7258.760311,8.661661000000095,True,2018-12-28 02:30:00,0.5,2018
2018-12-30,2018-12-30 19:00:00,2018-12-31,7347.397971,7316.215993,7331.806982,31.181978000000527,HIGH,2018-12-31 02:00:00,7348.264137,0.8661659999997937,True,2018-12-31 02:15:00,0.25,2018
2019-01-01,2019-01-01 19:00:00,2019-01-02,7373.671675,7222.958781,7298.3152279999995,150.71289399999932,LOW,2019-01-02 02:00:00,7192.354247,115.7775300000003,False,,,2019
2019-01-03,2019-01-03 19:00:00,2019-01-04,7207.656514,7096.787258,7152.221886,110.86925599999995,HIGH,2019-01-04 02:00:00,7230.465553,22.809038999999757,False,,,2019
2019-01-06,2019-01-06 19:00:00,2019-01-07,7486.273263,7431.704801,7458.9890319999995,54.56846200000018,LOW,2019-01-07 02:00:00,7420.444643,11.260158000000047,True,2019-01-07 08:00:00,6.0,2019
2019-01-07,2019-01-07 19:00:00,2019-01-08,7543.728945,7508.216137,7525.972541,35.512807999999495,HIGH,2019-01-08 02:00:00,7550.08083,6.351885000000038,True,2019-01-08 02:05:00,0.08333333333333333,2019
2019-01-08,2019-01-08 19:00:00,2019-01-09,7633.232771,7585.016194,7609.124482499999,48.21657700000014,LOW,2019-01-09 02:00:00,7579.241754,5.774440000000141,True,2019-01-09 02:45:00,0.75,2019
2019-01-09,2019-01-09 19:00:00,2019-01-10,7605.226735,7567.981595,7586.604165000001,37.24513999999999,LOW,2019-01-10 02:00:00,7557.587602,14.436101000000235,True,2019-01-10 04:00:00,2.0,2019
2019-01-10,2019-01-10 19:00:00,2019-01-11,7654.309479,7627.747053,7641.028265999999,26.562425999999505,HIGH,2019-01-11 02:00:00,7659.795197,5.485718000000816,True,2019-01-11 02:05:00,0.08333333333333333,2019
2019-01-16,2019-01-16 19:00:00,2019-01-17,7701.371168,7654.309479,7677.8403235,47.061689000000115,LOW,2019-01-17 02:00:00,7647.957594,17.90076499999941,True,2019-01-17 07:00:00,5.0,2019
2019-01-17,2019-01-17 19:00:00,2019-01-18,7794.339659,7774.129117,7784.234388000001,20.210541999999805,LOW,2019-01-18 02:00:00,7770.953175,3.1759420000007594,True,2019-01-18 02:15:00,0.25,2019
2019-01-22,2019-01-22 19:00:00,2019-01-23,7720.1381,7684.914013,7702.5260565,35.22408700000051,LOW,2019-01-23 02:00:00,7669.034302,18.47820899999988,True,2019-01-23 03:00:00,1.0,2019
2019-01-27,2019-01-27 19:00:00,2019-01-28,7833.028409,7801.268987,7817.148698,31.759421999999176,LOW,2019-01-28 02:00:00,7796.360713,13.569935000000442,False,,,2019
2019-02-03,2019-02-03 19:00:00,2019-02-04,7965.263095,7941.587889,7953.425492,23.67520599999989,LOW,2019-02-04 02:00:00,7928.306676,13.281213000000207,True,2019-02-04 03:00:00,1.0,2019
2019-02-04,2019-02-04 19:00:00,2019-02-05,8015.789448,8002.219513,8009.0044805,13.569935000000442,HIGH,2019-02-05 02:00:00,8017.233058,1.443609999999353,True,2019-02-05 02:10:00,0.16666666666666666,2019
2019-02-05,2019-02-05 19:00:00,2019-02-06,8112.222603,8092.589506,8102.4060545,19.633096999999907,LOW,2019-02-06 02:00:00,8086.815065,7.795495000000301,True,2019-02-06 06:00:00,4.0,2019
2019-02-06,2019-02-06 19:00:00,2019-02-07,8068.048134,8053.900755,8060.9744445,14.147379,LOW,2019-02-07 02:00:00,8045.239094,8.661661000000095,True,2019-02-07 03:00:00,1.0,2019
2019-02-10,2019-02-10 19:00:00,2019-02-11,7985.762358,7964.396929,7975.079643499999,21.365429000000404,HIGH,2019-02-11 02:00:00,7988.9383,40.132360999999946,False,,,2019
2019-02-11,2019-02-11 19:00:00,2019-02-12,8042.351874,7994.712741,8018.5323075,47.639132999999674,HIGH,2019-02-12 02:00:00,8053.323311,10.97143700000015,False,,,2019
2019-02-13,2019-02-13 19:00:00,2019-02-14,8133.876755,8088.547397,8111.212076,45.32935799999996,HIGH,2019-02-14 02:00:00,8148.312856,14.436100999999326,True,2019-02-14 07:00:00,5.0,2019
2019-02-18,2019-02-18 19:00:00,2019-02-19,8184.114386,8162.748957,8173.4316715,21.365429000000404,LOW,2019-02-19 02:00:00,8159.573014,4.330831000000217,False,,,2019
2019-02-21,2019-02-21 19:00:00,2019-02-22,8135.320365,8106.448163,8120.884264,28.87220199999956,HIGH,2019-02-22 02:00:00,8137.341419,21.07670700000017,False,,,2019
2019-02-24,2019-02-24 19:00:00,2019-02-25,8228.000133,8202.015151,8215.007642,25.984981999999945,HIGH,2019-02-25 02:00:00,8230.309909,2.3097760000000562,True,2019-02-25 02:15:00,0.25,2019
2019-02-26,2019-02-26 19:00:00,2019-02-27,8231.464797,8195.085823,8213.27531,36.37897400000111,LOW,2019-02-27 02:00:00,8187.001606,8.084216999999626,True,2019-02-27 08:00:00,6.0,2019
2019-02-27,2019-02-27 19:00:00,2019-02-28,8222.514415,8186.13544,8204.3249275,36.37897499999963,LOW,2019-02-28 02:00:00,8167.945953,18.189486999999644,True,2019-02-28 07:00:00,5.0,2019
2019-02-28,2019-02-28 19:00:00,2019-03-01,8255.140003,8214.430198,8234.785100500001,40.709805000000415,HIGH,2019-03-01 02:00:00,8266.688884,11.5488809999988,False,,,2019
2019-03-03,2019-03-03 19:00:00,2019-03-04,8322.123512,8303.934024,8313.028768,18.189487999999983,LOW,2019-03-04 02:00:00,8300.180638,4.908273999999437,True,2019-03-04 03:00:00,1.0,2019
2019-03-04,2019-03-04 19:00:00,2019-03-05,8262.069332,8229.443743,8245.7565375,32.62558899999931,HIGH,2019-03-05 02:00:00,8263.22422,17.32332100000167,True,2019-03-05 06:00:00,4.0,2019
2019-03-05,2019-03-05 19:00:00,2019-03-06,8267.55505,8244.457288,8256.006169,23.09776200000124,HIGH,2019-03-06 02:00:00,8275.927989,8.37293899999895,True,2019-03-06 06:00:00,4.0,2019
2019-03-06,2019-03-06 19:00:00,2019-03-07,8212.120422,8190.769877,8201.4451495,21.35054500000024,LOW,2019-03-07 02:00:00,8182.142565,10.927928000000065,True,2019-03-07 06:00:00,4.0,2019
2019-03-07,2019-03-07 19:00:00,2019-03-08,8119.450766,8076.026629,8097.7386975,43.42413699999997,LOW,2019-03-08 02:00:00,8061.360199,14.666430000000219,False,,,2019
2019-03-10,2019-03-10 19:00:00,2019-03-11,8130.666271,8080.627862,8105.6470665,50.038408999999774,HIGH,2019-03-11 02:00:00,8140.731468,10.065196999999898,False,,,2019
2019-03-17,2019-03-17 19:00:00,2019-03-18,8457.353813,8430.033993,8443.693903,27.319820000000618,HIGH,2019-03-18 02:00:00,8461.667469,5.751541999999972,True,2019-03-18 08:00:00,6.0,2019
2019-03-19,2019-03-19 19:00:00,2019-03-20,8485.536365,8458.216545,8471.876455,27.319820000000618,HIGH,2019-03-20 02:00:00,8488.412136,6.901850000000195,True,2019-03-20 08:00:00,6.0,2019
2019-03-20,2019-03-20 19:00:00,2019-03-21,8558.293362,8532.986581,8545.6399715,25.306781000001138,LOW,2019-03-21 02:00:00,8512.568609,20.41797199999928,True,2019-03-21 08:00:00,6.0,2019
2019-03-24,2019-03-24 19:00:00,2019-03-25,8473.745706,8391.211089,8432.4783975,82.53461699999934,LOW,2019-03-25 02:00:00,8390.635935,0.5751540000001114,True,2019-03-25 03:00:00,1.0,2019
2019-03-25,2019-03-25 19:00:00,2019-03-26,8498.189756,8469.43205,8483.810903,28.757706000000326,LOW,2019-03-26 02:00:00,8462.530201,9.490042999999787,True,2019-03-26 04:00:00,2.0,2019
2019-03-26,2019-03-26 19:00:00,2019-03-27,8509.117685,8471.445089,8490.281386999999,37.67259599999852,HIGH,2019-03-27 02:00:00,8516.594688,7.477002999999968,True,2019-03-27 04:00:00,2.0,2019
2019-03-27,2019-03-27 19:00:00,2019-03-28,8425.43276,8385.171971,8405.3023655,40.26078899999993,HIGH,2019-03-28 02:00:00,8435.785534,10.352774000000863,False,,,2019
2019-03-28,2019-03-28 19:00:00,2019-03-29,8487.261828,8461.092315,8474.1770715,26.169513000000734,HIGH,2019-03-29 02:00:00,8491.863061,4.601232999999411,True,2019-03-29 03:00:00,1.0,2019
2019-04-02,2019-04-02 19:00:00,2019-04-03,8705.532818,8642.553441,8674.0431295,62.97937699999966,HIGH,2019-04-03 02:00:00,8711.284359,5.751540999999634,False,,,2019
2019-04-03,2019-04-03 19:00:00,2019-04-04,8735.440832,8705.245241,8720.3430365,30.195590999999695,LOW,2019-04-04 02:00:00,8701.219162,4.026079000001118,True,2019-04-04 05:00:00,3.0,2019
2019-04-04,2019-04-04 19:00:00,2019-04-05,8719.624094,8691.729119,8705.676606500001,27.894975000001068,HIGH,2019-04-05 02:00:00,8723.075019,5.463963999998668,False,,,2019
2019-04-09,2019-04-09 19:00:00,2019-04-10,8744.068144,8714.447707,8729.2579255,29.620437000001402,HIGH,2019-04-10 02:00:00,8749.819685,7.189426999999341,False,,,2019
2019-04-10,2019-04-10 19:00:00,2019-04-11,8812.511485,8779.440123,8795.975804000002,33.07136200000059,LOW,2019-04-11 02:00:00,8771.100388,8.339734999999564,True,2019-04-11 05:00:00,3.0,2019
2019-04-11,2019-04-11 19:00:00,2019-04-12,8772.250696,8754.996072,8763.623383999999,17.25462399999924,HIGH,2019-04-12 02:00:00,8773.113427,0.8627310000010766,True,2019-04-12 02:05:00,0.08333333333333333,2019
2019-04-14,2019-04-14 19:00:00,2019-04-15,8805.322058,8791.805936,8798.563997000001,13.516121999999086,LOW,2019-04-15 02:00:00,8791.230782,5.463964000000487,True,2019-04-15 04:00:00,2.0,2019
2019-04-15,2019-04-15 19:00:00,2019-04-16,8826.602761,8799.570517,8813.086639000001,27.03224399999999,HIGH,2019-04-16 02:00:00,8838.105843,11.503081999999267,False,,,2019
2019-04-17,2019-04-17 19:00:00,2019-04-18,8853.635005,8815.674833,8834.654919,37.960172000000966,LOW,2019-04-18 02:00:00,8814.236947,1.4378859999997076,True,2019-04-18 02:15:00,0.25,2019
2019-04-21,2019-04-21 19:00:00,2019-04-22,8884.980904,8842.707076,8863.843990000001,42.27382799999941,LOW,2019-04-22 02:00:00,8839.543729,3.1633469999997033,False,,,2019
2019-04-24,2019-04-24 19:00:00,2019-04-25,9060.115335,9038.547055,9049.331194999999,21.568280000001323,LOW,2019-04-25 02:00:00,9030.782475,7.764579999999114,True,2019-04-25 06:00:00,4.0,2019
2019-04-25,2019-04-25 19:00:00,2019-04-26,8983.044683,8947.385127,8965.214905,35.65955600000052,HIGH,2019-04-26 02:00:00,8985.057722,2.0130389999994804,True,2019-04-26 08:00:00,6.0,2019
2019-04-28,2019-04-28 19:00:00,2019-04-29,9030.494898,9013.527851,9022.011374500002,16.967047000000093,HIGH,2019-04-29 02:00:00,9032.795514,2.3006159999986266,True,2019-04-29 02:05:00,0.08333333333333333,2019
2019-05-01,2019-05-01 19:00:00,2019-05-02,8937.895084,8913.738611,8925.8168475,24.156472999999096,HIGH,2019-05-02 02:00:00,8938.182661,10.065196999999898,True,2019-05-02 07:00:00,5.0,2019
2019-05-02,2019-05-02 19:00:00,2019-05-03,8937.31993,8899.07218,8918.196055,38.24775000000045,HIGH,2019-05-03 02:00:00,8940.483277,3.1633469999997033,False,,,2019
2019-05-05,2019-05-05 19:00:00,2019-05-06,8885.268482,8819.988488,8852.628485000001,65.27999399999862,HIGH,2019-05-06 02:00:00,8887.281521,2.0130390000012994,True,2019-05-06 02:10:00,0.16666666666666666,2019
2019-05-06,2019-05-06 19:00:00,2019-05-07,8932.718697,8897.634295,8915.176496,35.08440200000041,HIGH,2019-05-07 02:00:00,8962.339134,31.345898999999918,True,2019-05-07 05:00:00,3.0,2019
2019-05-08,2019-05-08 19:00:00,2019-05-09,8790.655628,8726.81352,8758.734574,63.842108000000735,LOW,2019-05-09 02:00:00,8694.604889,32.208630999999514,False,,,2019
2019-05-12,2019-05-12 19:00:00,2019-05-13,8665.559606,8634.788861,8650.174233500002,30.770744999999806,LOW,2019-05-13 02:00:00,8602.292653,32.49620800000048,False,,,2019
2019-05-13,2019-05-13 19:00:00,2019-05-14,8480.647555,8403.86448,8442.2560175,76.78307499999937,HIGH,2019-05-14 02:00:00,8487.261828,6.614273000001049,False,,,2019
2019-05-19,2019-05-19 19:00:00,2019-05-20,8695.467621,8656.069563,8675.768592,39.398058000000674,LOW,2019-05-20 02:00:00,8647.442251,11.503081999999267,False,,,2019
2019-05-20,2019-05-20 19:00:00,2019-05-21,8564.907635,8518.895305,8541.90147,46.012329999999565,LOW,2019-05-21 02:00:00,8513.143763,5.751541999999972,True,2019-05-21 02:05:00,0.08333333333333333,2019
2019-05-21,2019-05-21 19:00:00,2019-05-22,8597.978997,8561.169133,8579.574065,36.80986400000074,LOW,2019-05-22 02:00:00,8550.528781,13.803699000000051,True,2019-05-22 04:00:00,2.0,2019
2019-05-22,2019-05-22 19:00:00,2019-05-23,8536.437505,8485.536365,8510.986935,50.90113999999994,LOW,2019-05-23 02:00:00,8463.968086,32.208629999999175,False,,,2019
2019-05-23,2019-05-23 19:00:00,2019-05-24,8451.602272,8426.007914,8438.805092999999,25.594358000000284,HIGH,2019-05-24 02:00:00,8461.092315,9.490042999999787,True,2019-05-24 06:00:00,4.0,2019
2019-05-26,2019-05-26 19:00:00,2019-05-27,8417.380602,8389.19805,8403.289326,28.182551999998395,HIGH,2019-05-27 02:00:00,8426.295491,24.156473000000915,False,,,2019
2019-05-27,2019-05-27 19:00:00,2019-05-28,8460.229584,8419.393641,8439.811612500002,40.83594300000004,LOW,2019-05-28 02:00:00,8418.243333,1.1503080000002228,True,2019-05-28 07:00:00,5.0,2019
2019-05-28,2019-05-28 19:00:00,2019-05-29,8386.897433,8331.107483,8359.002457999999,55.78995000000032,LOW,2019-05-29 02:00:00,8303.500085,27.607398000000103,False,,,2019
2019-05-29,2019-05-29 19:00:00,2019-05-30,8324.780788,8291.997003,8308.3888955,32.783784999999625,HIGH,2019-05-30 02:00:00,8344.048451,19.26766300000054,False,,,2019
2019-05-30,2019-05-30 19:00:00,2019-05-31,8301.487046,8257.487755,8279.4874005,43.999291000000085,LOW,2019-05-31 02:00:00,8255.474716,33.6465160000007,False,,,2019
2019-06-02,2019-06-02 19:00:00,2019-06-03,8165.463096,8132.391733,8148.9274145,33.07136300000002,LOW,2019-06-03 02:00:00,8128.940809,3.4509240000006685,True,2019-06-03 02:10:00,0.16666666666666666,2019
2019-06-03,2019-06-03 19:00:00,2019-06-04,8059.059583,8031.164608,8045.112095500001,27.89497500000016,HIGH,2019-06-04 02:00:00,8083.79121,24.731627000000117,True,2019-06-04 02:10:00,0.16666666666666666,2019
2019-06-04,2019-06-04 19:00:00,2019-06-05,8306.088279,8271.579031,8288.833654999999,34.5092480000003,LOW,2019-06-05 02:00:00,8263.526874,12.365812999998525,True,2019-06-05 02:45:00,0.75,2019
2019-06-05,2019-06-05 19:00:00,2019-06-06,8326.50625,8294.872773,8310.6895115,31.63347700000122,HIGH,2019-06-06 02:00:00,8348.649684,22.143433999999615,True,2019-06-06 02:05:00,0.08333333333333333,2019
2019-06-06,2019-06-06 19:00:00,2019-06-07,8389.485627,8356.414265,8372.949946,33.07136200000059,HIGH,2019-06-07 02:00:00,8396.099899,6.61427200000071,False,,,2019
2019-06-10,2019-06-10 19:00:00,2019-06-11,8679.938459,8633.350975,8656.644717,46.587484000001496,HIGH,2019-06-11 02:00:00,8682.239076,2.300616999998965,False,,,2019
2019-06-11,2019-06-11 19:00:00,2019-06-12,8662.971413,8613.220581,8638.095997,49.75083199999972,LOW,2019-06-12 02:00:00,8599.129305,14.091275999999198,True,2019-06-12 08:00:00,6.0,2019
2019-06-12,2019-06-12 19:00:00,2019-06-13,8626.736703,8536.437505,8581.587104,90.29919800000062,HIGH,2019-06-13 02:00:00,8633.926129,7.189425999999003,True,2019-06-13 02:05:00,0.08333333333333333,2019
2019-06-13,2019-06-13 19:00:00,2019-06-14,8651.180753,8610.919964,8631.0503585,40.26078899999993,LOW,2019-06-14 02:00:00,8603.730538,11.503082000001086,False,,,2019
2019-06-16,2019-06-16 19:00:00,2019-06-17,8644.829012,8616.096352,8630.462682000001,28.73265999999967,LOW,2019-06-17 02:00:00,8613.59231,2.5040420000004815,True,2019-06-17 02:30:00,0.5,2019
2019-06-17,2019-06-17 19:00:00,2019-06-18,8683.803247,8661.450377,8672.626811999999,22.35287000000062,LOW,2019-06-18 02:00:00,8645.115588,16.334788999998636,True,2019-06-18 03:00:00,1.0,2019
2019-06-19,2019-06-19 19:00:00,2019-06-20,8902.173588,8854.602096,8878.387842,47.571491999999125,HIGH,2019-06-20 02:00:00,8914.209748,25.218622000000323,False,,,2019
2019-06-26,2019-06-26 19:00:00,2019-06-27,8810.182932,8769.489247,8789.8360895,40.69368500000019,HIGH,2019-06-27 02:00:00,8832.822377,22.639445000000705,True,2019-06-27 05:00:00,3.0,2019
2019-06-30,2019-06-30 19:00:00,2019-07-01,8968.372471,8909.911119,8939.141795,58.46135200000026,HIGH,2019-07-01 02:00:00,8978.402604,10.030133000000205,False,,,2019
2019-07-02,2019-07-02 19:00:00,2019-07-03,8985.566986,8969.232196,8977.399591000001,16.334789999998975,HIGH,2019-07-03 02:00:00,8993.304517,23.212595000000874,False,,,2019
2019-07-04,2019-07-04 19:00:00,2019-07-05,9065.234905,9050.332992,9057.7839485,14.901912999999695,LOW,2019-07-05 02:00:00,9041.449159,8.883832999999868,False,,,2019
2019-07-08,2019-07-08 19:00:00,2019-07-09,8943.440424,8885.552223,8914.4963235,57.88820099999975,LOW,2019-07-09 02:00:00,8876.66839,8.883832999999868,True,2019-07-09 07:00:00,5.0,2019
2019-07-09,2019-07-09 19:00:00,2019-07-10,9020.529166,8989.292464,9004.910815,31.23670200000015,LOW,2019-07-10 02:00:00,8964.073842,25.218622000000323,True,2019-07-10 07:00:00,5.0,2019
2019-07-14,2019-07-14 19:00:00,2019-07-15,9134.299541,9103.062838,9118.6811895,31.23670300000049,HIGH,2019-07-15 02:00:00,9147.195427,15.761637999999948,False,,,2019
2019-07-15,2019-07-15 19:00:00,2019-07-16,9172.127474,9156.65241,9164.389942000002,15.475064000000202,LOW,2019-07-16 02:00:00,9155.219534,1.4328760000007605,True,2019-07-16 02:10:00,0.16666666666666666,2019
2019-07-16,2019-07-16 19:00:00,2019-07-17,9112.519822,9089.593802,9101.056811999999,22.92602000000079,HIGH,2019-07-17 02:00:00,9122.26338,10.889858999998978,False,,,2019
2019-07-23,2019-07-23 19:00:00,2019-07-24,9137.738444,9106.215166,9121.976805,31.523278000000573,LOW,2019-07-24 02:00:00,9095.038731,11.176434999999401,True,2019-07-24 07:00:00,5.0,2019
2019-07-28,2019-07-28 19:00:00,2019-07-29,9191.328016,9172.700624,9182.014319999998,18.627392000000327,HIGH,2019-07-29 02:00:00,9194.766919,3.4389030000002094,True,2019-07-29 02:10:00,0.16666666666666666,2019
2019-07-29,2019-07-29 19:00:00,2019-07-30,9193.334042,9179.00528,9186.169661,14.328762000001007,LOW,2019-07-30 02:00:00,9154.646383,24.35889700000007,False,,,2019
2019-08-01,2019-08-01 19:00:00,2019-08-02,8946.879327,8895.295782,8921.0875545,51.58354500000132,LOW,2019-08-02 02:00:00,8873.802638,21.49314400000003,True,2019-08-02 02:05:00,0.08333333333333333,2019
2019-08-06,2019-08-06 19:00:00,2019-08-07,8614.165461,8541.088772,8577.6271165,73.07668900000135,HIGH,2019-08-07 02:00:00,8643.682711,29.517249999998967,True,2019-08-07 07:00:00,5.0,2019
2019-08-11,2019-08-11 19:00:00,2019-08-12,8821.359367,8756.59336,8788.9763635,64.76600699999835,HIGH,2019-08-12 02:00:00,8829.956624,16.62136400000054,True,2019-08-12 03:00:00,1.0,2019
2019-08-12,2019-08-12 19:00:00,2019-08-13,8705.29639,8675.77914,8690.537765000001,29.517249999998967,LOW,2019-08-13 02:00:00,8633.652578,42.126562000001286,True,2019-08-13 08:00:00,6.0,2019
2019-08-13,2019-08-13 19:00:00,2019-08-14,8903.893039,8853.16922,8878.5311295,50.72381900000073,LOW,2019-08-14 02:00:00,8844.571962,8.597257999999783,False,,,2019
2019-08-14,2019-08-14 19:00:00,2019-08-15,8635.94518,8588.660263,8612.3027215,47.28491700000086,HIGH,2019-08-15 02:00:00,8657.724899,21.779719000000114,True,2019-08-15 02:10:00,0.16666666666666666,2019
2019-08-15,2019-08-15 19:00:00,2019-08-16,8671.480511,8600.123273,8635.801892,71.3572380000005,HIGH,2019-08-16 02:00:00,8677.212016,5.731504999999743,False,,,2019
2019-08-18,2019-08-18 19:00:00,2019-08-19,8795.567594,8753.441032,8774.504313000001,42.12656199999947,HIGH,2019-08-19 02:00:00,8824.79827,34.10245500000019,False,,,2019
2019-08-19,2019-08-19 19:00:00,2019-08-20,8874.948939,8827.090872,8851.019905500001,47.85806699999921,HIGH,2019-08-20 02:00:00,8883.832772,8.883832999999868,True,2019-08-20 06:00:00,4.0,2019
2019-08-20,2019-08-20 19:00:00,2019-08-21,8831.676076,8794.134718,8812.905396999999,37.5413580000004,HIGH,2019-08-21 02:00:00,8856.321547,24.645470999999816,False,,,2019
2019-08-22,2019-08-22 19:00:00,2019-08-23,8892.430029,8835.688129,8864.059078999999,56.74189999999908,HIGH,2019-08-23 02:00:00,8897.015233,4.585204000000886,True,2019-08-23 05:00:00,3.0,2019
2019-08-25,2019-08-25 19:00:00,2019-08-26,8568.313421,8486.352899,8527.33316,81.96052200000122,HIGH,2019-08-26 02:00:00,8695.266257,137.84269499999937,False,,,2019
2019-08-26,2019-08-26 19:00:00,2019-08-27,8721.917755,8674.919414,8698.4185845,46.99834100000044,LOW,2019-08-27 02:00:00,8651.993394,22.92602000000079,True,2019-08-27 04:00:00,2.0,2019
2019-08-27,2019-08-27 19:00:00,2019-08-28,8712.460772,8680.077768,8696.26927,32.383004000001165,LOW,2019-08-28 02:00:00,8665.175855,14.901912999999695,True,2019-08-28 03:00:00,1.0,2019
2019-08-28,2019-08-28 19:00:00,2019-08-29,8697.845434,8652.853119,8675.349276500001,44.99231500000133,HIGH,2019-08-29 02:00:00,8789.836089,96.8624349999991,False,,,2019
2019-08-29,2019-08-29 19:00:00,2019-08-30,8864.63223,8821.072792,8842.852511000001,43.55943799999841,HIGH,2019-08-30 02:00:00,8869.504009,4.87177900000097,True,2019-08-30 02:05:00,0.08333333333333333,2019
2019-09-01,2019-09-01 19:00:00,2019-09-02,8770.635548,8737.106243,8753.8708955,33.52930500000002,HIGH,2019-09-02 02:00:00,8775.507327,27.224647999999434,False,,,2019
2019-09-02,2019-09-02 19:00:00,2019-09-03,8785.824036,8738.252544,8762.03829,47.571491999999125,LOW,2019-09-03 02:00:00,8725.643233,31.523277000000235,True,2019-09-03 03:00:00,1.0,2019
2019-09-03,2019-09-03 19:00:00,2019-09-04,8813.621835,8723.923782,8768.7728085,89.69805300000007,HIGH,2019-09-04 02:00:00,8840.559909,47.28491600000052,False,,,2019
2019-09-09,2019-09-09 19:00:00,2019-09-10,9007.346705,8955.190009,8981.268357,52.15669600000001,LOW,2019-09-10 02:00:00,8929.971387,25.218622000000323,False,,,2019
2019-09-11,2019-09-11 19:00:00,2019-09-12,9121.69023,9080.136818,9100.913524,41.5534119999993,LOW,2019-09-12 02:00:00,9070.679835,12.036160000001473,True,2019-09-12 06:00:00,4.0,2019
2019-09-12,2019-09-12 19:00:00,2019-09-13,9109.080919,9084.435447,9096.758183,24.645472000000154,HIGH,2019-09-13 02:00:00,9113.952698,4.871778999999151,True,2019-09-13 02:05:00,0.08333333333333333,2019
2019-09-15,2019-09-15 19:00:00,2019-09-16,8973.199614,8913.923173,8943.5613935,59.27644099999998,HIGH,2019-09-16 02:00:00,8994.923721,21.724107000000004,False,,,2019
2019-09-16,2019-09-16 19:00:00,2019-09-17,9021.221324,8977.201423,8999.2113735,44.01990099999966,LOW,2019-09-17 02:00:00,8976.91558,0.2858429999996588,True,2019-09-17 02:15:00,0.25,2019
2019-09-17,2019-09-17 19:00:00,2019-09-18,9048.948145,9028.367412,9038.6577785,20.58073300000069,LOW,2019-09-18 02:00:00,9026.652351,1.7150609999989683,True,2019-09-18 02:15:00,0.25,2019
2019-09-18,2019-09-18 19:00:00,2019-09-19,9055.236703,8998.353843,9026.795273,56.88285999999971,LOW,2019-09-19 02:00:00,8978.344797,20.009046000001035,True,2019-09-19 02:45:00,0.75,2019
2019-09-19,2019-09-19 19:00:00,2019-09-20,9076.389123,9047.804771,9062.096947,28.584352000001672,HIGH,2019-09-20 02:00:00,9080.105088,3.7159649999994144,False,,,2019
2019-09-22,2019-09-22 19:00:00,2019-09-23,9020.07795,8988.635164,9004.356557,31.442786000001433,LOW,2019-09-23 02:00:00,8957.192377,31.442786999999953,True,2019-09-23 02:15:00,0.25,2019
2019-09-23,2019-09-23 19:00:00,2019-09-24,9022.936385,8998.068,9010.5021925,24.86838500000158,LOW,2019-09-24 02:00:00,8994.637877,8.003618999999162,True,2019-09-24 04:00:00,2.0,2019
2019-09-24,2019-09-24 19:00:00,2019-09-25,8871.725166,8830.277857,8851.001511499999,41.44730900000104,LOW,2019-09-25 02:00:00,8814.27062,16.007236999999805,True,2019-09-25 08:00:00,6.0,2019
2019-09-25,2019-09-25 19:00:00,2019-09-26,8940.613453,8899.737831,8920.175642,40.87562199999957,HIGH,2019-09-26 02:00:00,8946.902011,6.288558000000194,True,2019-09-26 02:05:00,0.08333333333333333,2019
2019-09-26,2019-09-26 19:00:00,2019-09-27,8911.171571,8865.150765,8888.161168,46.02080600000045,HIGH,2019-09-27 02:00:00,8913.458319,3.715965999999753,True,2019-09-27 08:00:00,6.0,2019
2019-09-30,2019-09-30 19:00:00,2019-10-01,8942.328514,8895.450178,8918.889346,46.87833600000158,HIGH,2019-10-01 02:00:00,8947.187854,4.859339999999065,True,2019-10-01 03:00:00,1.0,2019
2019-10-01,2019-10-01 19:00:00,2019-10-02,8838.853162,8805.695314,8822.274238,33.15784799999892,LOW,2019-10-02 02:00:00,8799.978444,54.02442400000109,False,,,2019
2019-10-02,2019-10-02 19:00:00,2019-10-03,8664.488618,8627.614805,8646.0517115,36.873813000000155,HIGH,2019-10-03 02:00:00,8675.636515,11.14789700000074,True,2019-10-03 06:00:00,4.0,2019
2019-10-06,2019-10-06 19:00:00,2019-10-07,8857.718834,8827.991108,8842.854971,29.727725999999166,HIGH,2019-10-07 02:00:00,8859.433895,1.7150610000007873,True,2019-10-07 02:05:00,0.08333333333333333,2019
2019-10-07,2019-10-07 19:00:00,2019-10-08,8899.737831,8850.286903,8875.012367,49.450928000000204,LOW,2019-10-08 02:00:00,8839.424849,10.862053999999262,True,2019-10-08 02:05:00,0.08333333333333333,2019
2019-10-08,2019-10-08 19:00:00,2019-10-09,8746.239863,8709.080206,8727.6600345,37.15965700000015,LOW,2019-10-09 02:00:00,8702.219962,6.86024400000133,True,2019-10-09 02:10:00,0.16666666666666666,2019
2019-10-13,2019-10-13 19:00:00,2019-10-14,9026.652351,8982.060763,9004.356557,44.59158800000114,LOW,2019-10-14 02:00:00,8967.1969,14.863862999998673,False,,,2019
2019-10-14,2019-10-14 19:00:00,2019-10-15,9022.936385,8988.635164,9005.7857745,34.30122100000153,HIGH,2019-10-15 02:00:00,9042.087901,19.1515159999999,True,2019-10-15 05:00:00,3.0,2019
2019-10-16,2019-10-16 19:00:00,2019-10-17,9093.539734,9070.100565,9081.8201495,23.43916899999931,HIGH,2019-10-17 02:00:00,9097.827386,4.2876520000008895,True,2019-10-17 02:05:00,0.08333333333333333,2019
2019-10-17,2019-10-17 19:00:00,2019-10-18,9094.968951,9060.667729,9077.818340000002,34.30122200000005,LOW,2019-10-18 02:00:00,9052.378267,8.28946200000064,True,2019-10-18 02:30:00,0.5,2019
2019-10-20,2019-10-20 19:00:00,2019-10-21,9044.088806,9025.223134,9034.65597,18.865671999999904,LOW,2019-10-21 02:00:00,9016.933672,8.28946200000064,True,2019-10-21 02:15:00,0.25,2019
2019-10-23,2019-10-23 19:00:00,2019-10-24,9062.954477,9047.804771,9055.379624,15.149706000000151,HIGH,2019-10-24 02:00:00,9071.243939,16.007236999999805,True,2019-10-24 03:00:00,1.0,2019
2019-10-24,2019-10-24 19:00:00,2019-10-25,9079.819245,9057.523451,9068.671348,22.29579400000148,HIGH,2019-10-25 02:00:00,9085.821959,6.002714000000196,True,2019-10-25 02:45:00,0.75,2019
2019-10-27,2019-10-27 19:00:00,2019-10-28,9221.025941,9205.876235,9213.451088,15.149706000000151,LOW,2019-10-28 02:00:00,9204.447017,2.0009049999989656,True,2019-10-28 02:45:00,0.75,2019
2019-10-30,2019-10-30 19:00:00,2019-10-31,9293.058507,9273.049461,9283.053984,20.009045999999216,HIGH,2019-10-31 02:00:00,9299.061221,6.002714000000196,True,2019-10-31 02:05:00,0.08333333333333333,2019
2019-11-03,2019-11-03 19:00:00,2019-11-04,9369.092882,9345.082027,9357.0874545,24.010855000000447,HIGH,2019-11-04 02:00:00,9380.812466,11.719583999998576,False,,,2019
2019-11-05,2019-11-05 19:00:00,2019-11-06,9398.820607,9376.524813,9387.672709999999,22.29579399999966,HIGH,2019-11-06 02:00:00,9399.106451,9.146993000000293,True,2019-11-06 03:00:00,1.0,2019
2019-11-06,2019-11-06 19:00:00,2019-11-07,9386.243493,9364.233542,9375.2385175,22.009951,HIGH,2019-11-07 02:00:00,9435.122734,50.594301999999516,False,,,2019
2019-11-07,2019-11-07 19:00:00,2019-11-08,9403.394104,9371.37963,9387.386867000001,32.01447400000143,HIGH,2019-11-08 02:00:00,9404.537478,1.1433739999993122,True,2019-11-08 03:00:00,1.0,2019
2019-11-12,2019-11-12 19:00:00,2019-11-13,9444.269726,9423.688993,9433.979359500001,20.58073300000069,HIGH,2019-11-13 02:00:00,9447.414005,3.144279000000097,True,2019-11-13 02:30:00,0.5,2019
2019-11-14,2019-11-14 19:00:00,2019-11-15,9499.723368,9482.00107,9490.862219,17.722298000000592,LOW,2019-11-15 02:00:00,9473.997452,8.575305000000299,True,2019-11-15 04:00:00,2.0,2019
2019-11-17,2019-11-17 19:00:00,2019-11-18,9516.588135,9498.865837,9507.726986,17.722298000000592,HIGH,2019-11-18 02:00:00,9545.744174,29.15603899999951,True,2019-11-18 07:00:00,5.0,2019
2019-11-18,2019-11-18 19:00:00,2019-11-19,9551.746888,9509.727891,9530.7373895,42.01899699999922,HIGH,2019-11-19 02:00:00,9563.752315,12.005427000000054,False,,,2019
2019-11-19,2019-11-19 19:00:00,2019-11-20,9520.589945,9489.147158,9504.8685515,31.442786999999953,LOW,2019-11-20 02:00:00,9486.288723,2.8584350000000995,True,2019-11-20 06:00:00,4.0,2019
2019-11-21,2019-11-21 19:00:00,2019-11-22,9490.004688,9471.139017,9480.571852500001,18.865671000001385,HIGH,2019-11-22 02:00:00,9495.435715,15.43554999999833,True,2019-11-22 03:00:00,1.0,2019
2019-11-25,2019-11-25 19:00:00,2019-11-26,9629.496324,9576.32943,9602.912876999999,53.16689399999996,LOW,2019-11-26 02:00:00,9572.613464,3.715965999999753,False,,,2019
2019-11-26,2019-11-26 19:00:00,2019-11-27,9621.206862,9601.197816,9611.202339,20.009045999999216,HIGH,2019-11-27 02:00:00,9626.352045,5.145183000000543,True,2019-11-27 08:00:00,6.0,2019
2019-11-27,2019-11-27 19:00:00,2019-11-28,9642.073438,9620.063488,9631.068463,22.009949999999662,HIGH,2019-11-28 02:00:00,9642.359282,0.2858439999999973,False,,,2019
2019-12-01,2019-12-01 19:00:00,2019-12-02,9664.655076,9652.363805,9658.5094405,12.291270999998233,LOW,2019-12-02 02:00:00,9645.217717,7.146088000001328,True,2019-12-02 02:15:00,0.25,2019
2019-12-03,2019-12-03 19:00:00,2019-12-04,9451.415814,9423.117306,9437.26656,28.298507999999856,LOW,2019-12-04 02:00:00,9399.106451,24.010855000000447,True,2019-12-04 03:00:00,1.0,2019
2019-12-04,2019-12-04 19:00:00,2019-12-05,9501.152586,9473.139921,9487.1462535,28.012665000000197,HIGH,2019-12-05 02:00:00,9513.158013,12.005427000000054,False,,,2019
2019-12-08,2019-12-08 19:00:00,2019-12-09,9598.053537,9582.0463,9590.0499185,16.007236999999805,HIGH,2019-12-09 02:00:00,9601.769503,3.715965999999753,True,2019-12-09 03:00:00,1.0,2019
2019-12-09,2019-12-09 19:00:00,2019-12-10,9574.900212,9547.459235,9561.179723500001,27.440977000000203,LOW,2019-12-10 02:00:00,9510.585422,36.873813000000155,True,2019-12-10 02:10:00,0.16666666666666666,2019
2019-12-10,2019-12-10 19:00:00,2019-12-11,9569.469186,9541.456521,9555.462853500001,28.012665000000197,HIGH,2019-12-11 02:00:00,9582.332144,28.01266399999986,True,2019-12-11 02:45:00,0.75,2019
2019-12-11,2019-12-11 19:00:00,2019-12-12,9625.780358,9611.202339,9618.4913485,14.578019000000495,HIGH,2019-12-12 02:00:00,9632.028654,8.813492999999653,True,2019-12-12 04:00:00,2.0,2019
2019-12-12,2019-12-12 19:00:00,2019-12-13,9741.192026,9722.950627,9732.071326500001,18.241399000000456,LOW,2019-12-13 02:00:00,9722.380583,2.8502189999999246,True,2019-12-13 02:05:00,0.08333333333333333,2019
2019-12-15,2019-12-15 19:00:00,2019-12-16,9751.737834,9734.636523,9743.1871785,17.10131100000035,HIGH,2019-12-16 02:00:00,9755.158097,5.985458999999537,False,,,2019
2019-12-16,2019-12-16 19:00:00,2019-12-17,9830.118845,9797.911375,9814.01511,32.207470000001194,HIGH,2019-12-17 02:00:00,9831.543954,1.425108999999793,True,2019-12-17 02:15:00,0.25,2019
2019-12-17,2019-12-17 19:00:00,2019-12-18,9815.58273,9800.476572,9808.029651,15.106158000000505,HIGH,2019-12-18 02:00:00,9816.152774,0.5700440000000526,True,2019-12-18 02:05:00,0.08333333333333333,2019
2019-12-18,2019-12-18 19:00:00,2019-12-19,9837.529413,9818.432949,9827.981181,19.096464000000196,LOW,2019-12-19 02:00:00,9814.727665,3.705283999999665,True,2019-12-19 02:10:00,0.16666666666666666,2019
2019-12-19,2019-12-19 19:00:00,2019-12-20,9893.678719,9881.137758,9887.4082385,12.540960999998788,LOW,2019-12-20 02:00:00,9879.142605,1.9951530000016646,True,2019-12-20 02:30:00,0.5,2019
2019-12-23,2019-12-23 19:00:00,2019-12-24,9949.828025,9939.282217,9944.555121000001,10.545808000000761,HIGH,2019-12-24 02:00:00,9950.968113,1.1400880000001052,True,2019-12-24 08:00:00,6.0,2019
2019-12-25,2019-12-25 19:00:00,2019-12-26,9963.509074,9956.953572,9960.231323,6.555501999999251,HIGH,2019-12-26 02:00:00,9964.934184,1.4251100000001315,True,2019-12-26 02:15:00,0.25,2019
2019-12-29,2019-12-29 19:00:00,2019-12-30,10043.885238,10028.494058,10036.189648,15.391180000000531,LOW,2019-12-30 02:00:00,10026.498905,1.9951529999998456,True,2019-12-30 02:15:00,0.25,2019
2019-12-30,2019-12-30 19:00:00,2019-12-31,9976.050036,9961.2289,9968.639468000001,14.821136000000479,LOW,2019-12-31 02:00:00,9958.093659,6.5555029999995895,True,2019-12-31 04:00:00,2.0,2019
2020-01-01,2020-01-01 19:00:00,2020-01-02,10023.648686,10001.416981,10012.532833500001,22.231705000000147,HIGH,2020-01-02 02:00:00,10035.904626,19.096464999998716,False,,,2020
2020-01-02,2020-01-02 19:00:00,2020-01-03,10154.188697,10035.904626,10095.0466615,118.28407100000004,LOW,2020-01-03 02:00:00,10009.682615,26.22201099999984,False,,,2020
2020-01-05,2020-01-05 19:00:00,2020-01-06,10027.068949,9987.165889,10007.117419,39.90306000000055,LOW,2020-01-06 02:00:00,9948.687938,38.47795100000076,True,2020-01-06 08:00:00,6.0,2020
2020-01-06,2020-01-06 19:00:00,2020-01-07,10135.092233,10102.599741,10118.845987,32.4924919999994,LOW,2020-01-07 02:00:00,10097.754369,4.84537199999977,True,2020-01-07 02:10:00,0.16666666666666666,2020
2020-01-07,2020-01-07 19:00:00,2020-01-08,10068.112096,9918.760643,9993.4363695,149.35145300000113,HIGH,2020-01-08 02:00:00,10081.793145,13.681048999998893,False,,,2020
2020-01-08,2020-01-08 19:00:00,2020-01-09,10222.593943,10183.83097,10203.212456500001,38.762972999998965,HIGH,2020-01-09 02:00:00,10253.661325,31.06738199999927,False,,,2020
2020-01-12,2020-01-12 19:00:00,2020-01-13,10280.45338,10255.371457,10267.9124185,25.081923000001552,HIGH,2020-01-13 02:00:00,10286.438839,5.985458999999537,True,2020-01-13 06:00:00,4.0,2020
2020-01-13,2020-01-13 19:00:00,2020-01-14,10385.911467,10351.138801,10368.525134,34.772666000000754,LOW,2020-01-14 02:00:00,10336.032642,43.89336599999842,True,2020-01-14 03:00:00,1.0,2020
2020-01-14,2020-01-14 19:00:00,2020-01-15,10325.771855,10292.994342,10309.3830985,32.77751300000091,HIGH,2020-01-15 02:00:00,10328.622074,2.8502189999999246,True,2020-01-15 02:15:00,0.25,2020
2020-01-15,2020-01-15 19:00:00,2020-01-16,10355.984172,10333.467446,10344.725809,22.516725999999835,HIGH,2020-01-16 02:00:00,10385.911467,29.927294999999503,False,,,2020
2020-01-16,2020-01-16 19:00:00,2020-01-17,10430.374877,10413.843609,10422.109242999999,16.531268000000637,HIGH,2020-01-17 02:00:00,10432.085008,16.24624600000061,True,2020-01-17 08:00:00,6.0,2020
2020-01-19,2020-01-19 19:00:00,2020-01-20,10470.847981,10461.44226,10466.145120500001,9.405721000000995,LOW,2020-01-20 02:00:00,10448.616276,17.10131200000069,False,,,2020
2020-01-20,2020-01-20 19:00:00,2020-01-21,10454.601735,10394.747145,10424.674439999999,59.854590000000826,LOW,2020-01-21 02:00:00,10391.611904,3.135240999999951,True,2020-01-21 07:00:00,5.0,2020
2020-01-23,2020-01-23 19:00:00,2020-01-24,10568.8955,10549.799035,10559.347267500001,19.096465000000535,HIGH,2020-01-24 02:00:00,10588.276986,19.381486000000223,True,2020-01-24 08:00:00,6.0,2020
2020-01-26,2020-01-26 19:00:00,2020-01-27,10313.230894,10266.202287,10289.7165905,47.02860700000019,HIGH,2020-01-27 02:00:00,10322.351593,9.12069899999915,True,2020-01-27 02:10:00,0.16666666666666666,2020
2020-01-29,2020-01-29 19:00:00,2020-01-30,10389.33173,10309.810631,10349.5711805,79.5210989999996,LOW,2020-01-30 02:00:00,10268.482462,41.328169000000344,True,2020-01-30 08:00:00,6.0,2020
2020-01-30,2020-01-30 19:00:00,2020-01-31,10544.38362,10501.34532,10522.86447,43.03830000000016,LOW,2020-01-31 02:00:00,10472.843134,38.19292900000073,False,,,2020
2020-02-03,2020-02-03 19:00:00,2020-02-04,10473.413178,10381.066096,10427.239637,92.34708200000023,HIGH,2020-02-04 02:00:00,10503.055451,47.31362799999988,False,,,2020
2020-02-04,2020-02-04 19:00:00,2020-02-05,10662.097647,10623.904718,10643.0011825,38.19292900000073,HIGH,2020-02-05 02:15:00,10675.778696,72.965596,False,,,2020
2020-02-11,2020-02-11 19:00:00,2020-02-12,10910.066663,10863.893122,10886.9798925,46.173541000000114,HIGH,2020-02-12 02:15:00,10915.197057,17.10131200000069,False,,,2020
2020-02-12,2020-02-12 19:00:00,2020-02-13,10943.699243,10916.052122,10929.875682499998,27.64712099999997,LOW,2020-02-13 02:00:00,10901.801029,14.251092999998946,False,,,2020
2020-02-16,2020-02-16 19:00:00,2020-02-17,11035.761303,11005.263964,11020.512633499999,30.497338999999556,HIGH,2020-02-17 02:15:00,11037.471434,1.7101309999998193,True,2020-02-17 06:30:00,4.25,2020
2020-02-17,2020-02-17 19:00:00,2020-02-18,10940.27898,10904.651248,10922.465113999999,35.627731999999014,LOW,2020-02-18 02:00:00,10873.868887,30.782360999999582,True,2020-02-18 07:15:00,5.25,2020
2020-02-20,2020-02-20 19:00:00,2020-02-21,10956.240204,10894.675483,10925.4578435,61.564720999998826,LOW,2020-02-21 02:00:00,10874.438931,20.2365520000003,True,2020-02-21 02:30:00,0.5,2020
2020-02-23,2020-02-23 19:00:00,2020-02-24,10617.919259,10549.228992,10583.5741255,68.69026699999995,LOW,2020-02-24 02:00:00,10511.891128,88.35677600000054,False,,,2020
2020-02-24,2020-02-24 19:00:00,2020-02-25,10508.470866,10443.485883,10475.978374499999,64.98498300000028,HIGH,2020-02-25 02:00:00,10509.04091,0.5700440000000526,True,2020-02-25 02:15:00,0.25,2020
2020-02-25,2020-02-25 19:00:00,2020-02-26,10201.787347,10078.657905,10140.222625999999,123.12944199999947,LOW,2020-02-26 02:30:00,10064.976856,13.681049000000712,True,2020-02-26 05:30:00,3.0,2020
2020-03-01,2020-03-01 19:00:00,2020-03-02,9761.998621,9517.449867,9639.724244,244.54875400000128,HIGH,2020-03-02 02:00:00,9827.553648,130.82503299999917,True,2020-03-02 05:15:00,3.25,2020
2020-03-02,2020-03-02 19:00:00,2020-03-03,10133.667123,9962.654009,10048.160565999999,171.0131139999994,HIGH,2020-03-03 02:30:00,10152.478566,18.81144300000051,True,2020-03-03 06:30:00,4.0,2020
2020-03-03,2020-03-03 19:00:00,2020-03-04,9938.997195,9831.828976,9885.4130855,107.16821899999923,HIGH,2020-03-04 02:00:00,9942.132435,21.94668300000012,False,,,2020
2020-03-04,2020-03-04 19:00:00,2020-03-05,10120.271096,10051.295807,10085.7834515,68.97528899999998,LOW,2020-03-05 02:00:00,10045.025326,36.197776000000886,False,,,2020
2020-03-09,2020-03-09 19:00:00,2020-03-10,9397.455665,9159.747436,9278.6015505,237.70822899999985,HIGH,2020-03-10 02:00:00,9419.117326,21.661661000000095,False,,,2020
2020-03-12,2020-03-12 19:00:00,2020-03-13,8430.946546,7915.056984,8173.001764999999,515.8895619999994,HIGH,2020-03-13 02:15:00,8515.598038,239.418361,False,,,2020
2020-03-17,2020-03-17 19:00:00,2020-03-18,8293.18133,8090.929487,8192.0554085,202.2518429999991,LOW,2020-03-18 02:00:00,8060.691553,30.237934000000678,False,,,2020
2020-03-19,2020-03-19 19:00:00,2020-03-20,8409.56885,8171.94433,8290.75659,237.6245199999994,HIGH,2020-03-20 02:00:00,8545.35429,221.07923500000106,False,,,2020
2020-03-22,2020-03-22 19:00:00,2020-03-23,7768.296435,7563.762485,7666.02946,204.53395,HIGH,2020-03-23 02:00:00,7800.245951,37.36952299999939,False,,,2020
2020-03-23,2020-03-23 19:00:00,2020-03-24,8286.049741,8027.31572,8156.682730500001,258.7340210000011,HIGH,2020-03-24 02:00:00,8323.989791,47.63900999999896,False,,,2020
2020-03-24,2020-03-24 19:00:00,2020-03-25,8590.425927,8417.556229,8503.991078,172.86969800000043,HIGH,2020-03-25 02:00:00,8645.196525,103.55066199999965,True,2020-03-25 05:45:00,3.75,2020
2020-03-25,2020-03-25 19:00:00,2020-03-26,8614.388064,8393.594092,8503.991078,220.7939720000013,LOW,2020-03-26 02:00:00,8377.334071,25.958980999999767,True,2020-03-26 07:45:00,5.75,2020
2020-03-29,2020-03-29 19:00:00,2020-03-30,8700.252386,8507.41424,8603.833313,192.83814600000005,HIGH,2020-03-30 02:00:00,8721.361887,21.109500999999,True,2020-03-30 02:15:00,0.25,2020
2020-03-31,2020-03-31 19:00:00,2020-04-01,8837.17888,8744.468233,8790.8235565,92.71064699999988,LOW,2020-04-01 02:00:00,8652.328113,104.69171499999902,False,,,2020
2020-04-01,2020-04-01 19:00:00,2020-04-02,8613.24701,8511.978457,8562.612733499998,101.26855299999988,HIGH,2020-04-02 02:00:00,8631.789139,40.22215700000015,True,2020-04-02 07:30:00,5.5,2020
2020-04-05,2020-04-05 19:00:00,2020-04-06,8919.049513,8730.205057,8824.627284999999,188.84445600000072,HIGH,2020-04-06 02:00:00,8942.441123,41.6484760000003,False,,,2020
2020-04-06,2020-04-06 19:00:00,2020-04-07,9238.82993,9069.09813,9153.96403,169.73179999999957,HIGH,2020-04-07 02:00:00,9330.399523,122.6633180000008,False,,,2020
2020-04-08,2020-04-08 19:00:00,2020-04-09,9391.160655,9282.760514,9336.9605845,108.40014100000008,HIGH,2020-04-09 02:00:00,9423.395434,40.22215700000015,True,2020-04-09 03:45:00,1.75,2020
2020-04-14,2020-04-14 19:00:00,2020-04-15,9906.346589,9851.861255,9879.103922,54.485334000000876,LOW,2020-04-15 02:15:00,9838.453869,33.0905700000003,False,,,2020
2020-04-15,2020-04-15 19:00:00,2020-04-16,9777.692737,9699.53053,9738.6116335,78.1622069999994,HIGH,2020-04-16 02:00:00,9914.904495,137.21175800000128,False,,,2020
2020-04-16,2020-04-16 19:00:00,2020-04-17,10210.722775,10133.986886,10172.3548305,76.73588899999959,LOW,2020-04-17 02:30:00,10128.852142,5.134744000000865,True,2020-04-17 02:35:00,0.08333333333333333,2020
2020-04-19,2020-04-19 19:00:00,2020-04-20,10083.780504,9981.370897,10032.575700500001,102.4096069999996,LOW,2020-04-20 02:15:00,9977.662471,10.26948700000139,False,,,2020
2020-04-21,2020-04-21 19:00:00,2020-04-22,9688.119989,9584.854591,9636.487290000001,103.26539800000137,HIGH,2020-04-22 02:00:00,9718.643187,40.22215799999867,False,,,2020
2020-04-22,2020-04-22 19:00:00,2020-04-23,9872.685493,9790.81486,9831.750176500002,81.87063300000045,HIGH,2020-04-23 02:00:00,9890.942358,18.25686499999938,True,2020-04-23 02:30:00,0.5,2020
2020-04-23,2020-04-23 19:00:00,2020-04-24,9773.699048,9696.963158,9735.331103,76.73588999999993,HIGH,2020-04-24 02:00:00,9774.840102,20.824236999998902,False,,,2020
2020-04-27,2020-04-27 19:00:00,2020-04-28,10095.476309,10015.031994,10055.254151500001,80.44431499999882,HIGH,2020-04-28 02:15:00,10096.617363,10.269486999999572,False,,,2020
2020-04-30,2020-04-30 19:00:00,2020-05-01,10111.451067,10026.442535,10068.946801,85.00853199999983,LOW,2020-05-01 02:00:00,9993.637229,70.46009199999935,False,,,2020
2020-05-03,2020-05-03 19:00:00,2020-05-04,9892.939203,9763.144297,9828.04175,129.79490599999917,HIGH,2020-05-04 02:00:00,9923.177137,30.237934000000678,False,,,2020
2020-05-04,2020-05-04 19:00:00,2020-05-05,10129.137406,10062.100476,10095.618941,67.03693000000021,HIGH,2020-05-05 02:15:00,10137.980575,39.93689400000039,True,2020-05-05 03:45:00,1.5,2020
2020-05-05,2020-05-05 19:00:00,2020-05-06,10223.844897,10129.993196,10176.9190465,93.85170100000141,HIGH,2020-05-06 02:00:00,10266.91969,45.642164999999295,False,,,2020
2020-05-06,2020-05-06 19:00:00,2020-05-07,10304.574476,10229.550168,10267.062322,75.02430800000002,HIGH,2020-05-07 02:00:00,10312.561855,61.04639599999973,False,,,2020
2020-05-10,2020-05-10 19:00:00,2020-05-11,10594.687486,10550.756902,10572.722194,43.930584000001545,LOW,2020-05-11 02:00:00,10548.18953,8.272641999999905,True,2020-05-11 02:15:00,0.25,2020
2020-05-11,2020-05-11 19:00:00,2020-05-12,10594.402222,10525.083185,10559.7427035,69.31903700000112,HIGH,2020-05-12 02:15:00,10603.815919,9.984223999999813,True,2020-05-12 04:00:00,1.75,2020
2020-05-12,2020-05-12 19:00:00,2020-05-13,10394.432488,10266.634427,10330.533457500002,127.7980609999995,HIGH,2020-05-13 02:00:00,10412.40409,17.97160199999962,False,,,2020
2020-05-13,2020-05-13 19:00:00,2020-05-14,10291.16709,10204.732241,10247.9496655,86.43484900000112,HIGH,2020-05-14 02:15:00,10297.157624,15.974757999998474,True,2020-05-14 06:00:00,3.75,2020
2020-05-14,2020-05-14 19:00:00,2020-05-15,10410.692509,10329.10714,10369.8998245,81.58536900000036,HIGH,2020-05-15 02:00:00,10417.538834,10.55475099999967,True,2020-05-15 05:30:00,3.5,2020
2020-05-17,2020-05-17 19:00:00,2020-05-18,10513.672643,10446.920977,10480.29681,66.75166600000011,HIGH,2020-05-18 02:00:00,10519.377914,7.131589000000531,False,,,2020
2020-05-18,2020-05-18 19:00:00,2020-05-19,10673.990747,10607.239081,10640.614914,66.75166600000011,HIGH,2020-05-19 02:00:00,10733.896088,59.90534099999968,True,2020-05-19 03:00:00,1.0,2020
2020-05-20,2020-05-20 19:00:00,2020-05-21,10823.7541,10755.576116,10789.665108000001,68.17798399999992,LOW,2020-05-21 02:00:00,10741.598203,13.977913000000626,True,2020-05-21 06:15:00,4.25,2020
2020-05-21,2020-05-21 19:00:00,2020-05-22,10735.037142,10580.709573,10657.8733575,154.32756899999913,LOW,2020-05-22 02:00:00,10577.856937,35.65794099999948,True,2020-05-22 06:45:00,4.75,2020
2020-05-24,2020-05-24 19:00:00,2020-05-25,10797.224592,10744.736102,10770.980347,52.48848999999973,HIGH,2020-05-25 02:00:00,10804.35618,7.1315880000001926,False,,,2020
2020-05-25,2020-05-25 19:00:00,2020-05-26,10948.414262,10845.719392,10897.066827,102.69486999999936,HIGH,2020-05-26 02:00:00,10948.984789,1.4263179999998101,True,2020-05-26 07:00:00,5.0,2020
2020-05-31,2020-05-31 19:00:00,2020-06-01,10930.727923,10847.430973,10889.079448,83.29694999999992,HIGH,2020-06-01 02:00:00,10939.285829,8.557906000000003,True,2020-06-01 03:00:00,1.0,2020
2020-06-01,2020-06-01 19:00:00,2020-06-02,10946.702681,10907.051051,10926.876866,39.651630000000296,HIGH,2020-06-02 02:00:00,10963.247966,35.37267799999972,False,,,2020
2020-06-04,2020-06-04 19:00:00,2020-06-05,11029.999632,10966.671128,10998.33538,63.32850399999916,HIGH,2020-06-05 02:00:00,11046.544916,43.07479300000159,True,2020-06-05 07:00:00,5.0,2020
2020-06-07,2020-06-07 19:00:00,2020-06-08,11264.486253,11212.283027,11238.38464,52.20322599999963,LOW,2020-06-08 02:00:00,11185.468255,28.81161599999905,False,,,2020
2020-06-08,2020-06-08 19:00:00,2020-06-09,11292.727342,11249.652549,11271.1899455,43.07479299999977,LOW,2020-06-09 02:30:00,11246.514651,3.1378980000008596,True,2020-06-09 02:35:00,0.08333333333333333,2020
2020-06-10,2020-06-10 19:00:00,2020-06-11,11519.511848,11395.99274,11457.752294,123.51910800000041,LOW,2020-06-11 02:00:00,11385.723253,47.92427300000054,False,,,2020
2020-06-11,2020-06-11 19:00:00,2020-06-12,11114.7229,10957.542695,11036.1327975,157.18020500000057,HIGH,2020-06-12 02:15:00,11118.716589,3.9936889999989944,False,,,2020
2020-06-14,2020-06-14 19:00:00,2020-06-15,10952.122688,10839.094882,10895.608785,113.02780600000006,LOW,2020-06-15 02:00:00,10731.403783,113.975461,False,,,2020
2020-06-16,2020-06-16 19:00:00,2020-06-17,11409.543491,11329.275059,11369.409275,80.26843200000076,HIGH,2020-06-17 02:00:00,11422.112214,47.41836200000034,False,,,2020
2020-06-17,2020-06-17 19:00:00,2020-06-18,11388.976491,11273.572766,11331.2746285,115.40372500000012,HIGH,2020-06-18 02:00:00,11421.826561,35.42094499999985,False,,,2020
2020-06-18,2020-06-18 19:00:00,2020-06-19,11449.534881,11405.2587,11427.396790499999,44.27618099999927,HIGH,2020-06-19 02:00:00,11489.811924,44.27618199999961,False,,,2020
2020-06-21,2020-06-21 19:00:00,2020-06-22,11423.540478,11306.137184,11364.838831000001,117.40329400000155,HIGH,2020-06-22 02:15:00,11438.10877,19.710041999998793,False,,,2020
2020-06-22,2020-06-22 19:00:00,2020-06-23,11598.074329,11394.403894,11496.2391115,203.670435,HIGH,2020-06-23 02:15:00,11630.06744,35.99225000000115,False,,,2020
2020-06-23,2020-06-23 19:00:00,2020-06-24,11702.623248,11631.210052,11666.91665,71.41319599999952,LOW,2020-06-24 02:30:00,11602.073468,29.136583999999857,True,2020-06-24 02:35:00,0.08333333333333333,2020
2020-06-24,2020-06-24 19:00:00,2020-06-25,11462.389256,11358.697296,11410.543276,103.69196000000011,LOW,2020-06-25 02:00:00,11335.55942,53.98837600000115,True,2020-06-25 03:15:00,1.25,2020
2020-06-25,2020-06-25 19:00:00,2020-06-26,11554.655106,11510.664577,11532.6598415,43.990529000000606,LOW,2020-06-26 02:00:00,11509.236313,36.84920899999997,True,2020-06-26 04:30:00,2.5,2020
2020-06-29,2020-06-29 19:00:00,2020-06-30,11452.105756,11406.972616,11429.539186,45.13314000000173,LOW,2020-06-30 02:00:00,11376.979074,29.993541999998342,False,,,2020
2020-06-30,2020-06-30 19:00:00,2020-07-01,11603.216079,11564.938606,11584.0773425,38.2774730000001,HIGH,2020-07-01 02:30:00,11606.358259,3.142180000000735,True,2020-07-01 03:00:00,0.5,2020
2020-07-01,2020-07-01 19:00:00,2020-07-02,11768.037735,11714.906317,11741.472026,53.13141799999903,HIGH,2020-07-02 02:00:00,11787.747777,19.710042000000612,False,,,2020
2020-07-02,2020-07-02 19:00:00,2020-07-03,11851.162695,11814.599139,11832.880917,36.56355600000097,HIGH,2020-07-03 02:00:00,11864.302723,16.567861999999877,True,2020-07-03 05:00:00,3.0,2020
2020-07-06,2020-07-06 19:00:00,2020-07-07,12185.376452,12095.681478,12140.528965000001,89.694974,LOW,2020-07-07 02:00:00,12059.97488,54.559682000000976,False,,,2020
2020-07-07,2020-07-07 19:00:00,2020-07-08,12080.541881,12011.69956,12046.1207205,68.84232100000008,HIGH,2020-07-08 02:30:00,12082.827103,2.285222000000431,True,2020-07-08 04:00:00,1.5,2020
2020-07-09,2020-07-09 19:00:00,2020-07-10,12291.067982,12186.233411,12238.6506965,104.83457100000123,LOW,2020-07-10 02:00:00,12176.806869,9.426541999999245,True,2020-07-10 04:45:00,2.75,2020
2020-07-12,2020-07-12 19:00:00,2020-07-13,12454.175722,12406.75736,12430.466541,47.41836200000034,HIGH,2020-07-13 02:00:00,12458.746166,4.570444000000862,True,2020-07-13 03:00:00,1.0,2020
2020-07-13,2020-07-13 19:00:00,2020-07-14,12179.092091,12123.675451,12151.383771,55.41664000000128,HIGH,2020-07-14 02:00:00,12201.944314,22.852222999999867,True,2020-07-14 02:15:00,0.25,2020
2020-07-15,2020-07-15 19:00:00,2020-07-16,12166.237716,12083.684061,12124.9608885,82.55365499999971,LOW,2020-07-16 02:00:00,12078.542311,9.712193999999727,False,,,2020
2020-07-19,2020-07-19 19:00:00,2020-07-20,12168.808591,12056.832699,12112.820645,111.97589200000039,LOW,2020-07-20 02:00:00,12050.262685,6.5700140000008105,True,2020-07-20 03:30:00,1.5,2020
2020-07-20,2020-07-20 19:00:00,2020-07-21,12592.717322,12503.308001,12548.0126615,89.409321000001,HIGH,2020-07-21 02:00:00,12614.998239,36.27790300000015,False,,,2020
2020-07-21,2020-07-21 19:00:00,2020-07-22,12473.028806,12391.332109,12432.1804575,81.6966969999994,LOW,2020-07-22 02:30:00,12358.196386,33.135723000001235,True,2020-07-22 06:00:00,3.5,2020
2020-07-22,2020-07-22 19:00:00,2020-07-23,12400.187346,12347.055928,12373.621637,53.13141800000085,HIGH,2020-07-23 02:00:00,12477.027944,76.84059799999886,False,,,2020
2020-07-23,2020-07-23 19:00:00,2020-07-24,12108.250201,11940.572016,12024.4111085,167.67818500000067,LOW,2020-07-24 02:00:00,11912.863696,83.41061199999967,False,,,2020
2020-07-27,2020-07-27 19:00:00,2020-07-28,12292.781899,12208.79998,12250.790939499999,83.98191899999983,LOW,2020-07-28 02:30:00,12190.518202,18.281778000000486,False,,,2020
2020-07-28,2020-07-28 19:00:00,2020-07-29,12088.825811,12011.413907,12050.119859,77.4119040000005,HIGH,2020-07-29 02:00:00,12101.394534,29.99354299999868,False,,,2020
2020-07-29,2020-07-29 19:00:00,2020-07-30,12204.800842,12170.80816,12187.804501,33.99268200000006,LOW,2020-07-30 02:00:00,12134.815909,120.5454750000008,False,,,2020
2020-08-03,2020-08-03 19:00:00,2020-08-04,12650.99049,12599.287336,12625.138912999999,51.70315400000072,HIGH,2020-08-04 02:00:00,12673.842713,22.852222999999867,True,2020-08-04 02:30:00,0.5,2020
2020-08-04,2020-08-04 19:00:00,2020-08-05,12686.411435,12632.423059,12659.417247000001,53.988375999999334,HIGH,2020-08-05 02:00:00,12716.976283,36.27790400000049,False,,,2020
2020-08-05,2020-08-05 19:00:00,2020-08-06,12712.977144,12646.991351,12679.9842475,65.98579299999983,HIGH,2020-08-06 02:30:00,12715.548019,2.5708749999994325,True,2020-08-06 03:00:00,0.5,2020
2020-08-09,2020-08-09 19:00:00,2020-08-10,12712.977144,12666.41574,12689.696442,46.56140400000004,HIGH,2020-08-10 02:15:00,12717.261936,4.28479200000038,True,2020-08-10 03:00:00,0.75,2020
2020-08-10,2020-08-10 19:00:00,2020-08-11,12711.54888,12642.135254,12676.842067000001,69.41362599999957,HIGH,2020-08-11 02:30:00,12717.261936,5.713056000000506,True,2020-08-11 06:30:00,4.0,2020
2020-08-11,2020-08-11 19:00:00,2020-08-12,12510.734973,12429.895235,12470.315104000001,80.83973800000058,HIGH,2020-08-12 02:00:00,12515.019765,19.995694999999614,False,,,2020
2020-08-13,2020-08-13 19:00:00,2020-08-14,12813.812577,12779.24859,12796.5305835,34.56398700000136,HIGH,2020-08-14 02:00:00,12814.669535,0.8569580000003043,True,2020-08-14 02:05:00,0.08333333333333333,2020
2020-08-16,2020-08-16 19:00:00,2020-08-17,12785.818604,12743.827645,12764.823124499999,41.99095900000066,HIGH,2020-08-17 02:00:00,12797.244715,18.281778000000486,False,,,2020
2020-08-17,2020-08-17 19:00:00,2020-08-18,12925.502815,12888.939259,12907.221037,36.56355599999915,LOW,2020-08-18 02:00:00,12879.512717,9.426542000001064,True,2020-08-18 03:45:00,1.75,2020
2020-08-18,2020-08-18 19:00:00,2020-08-19,13059.759623,13024.053025,13041.906324,35.70659800000067,LOW,2020-08-19 02:15:00,13017.197359,6.855665999999474,True,2020-08-19 02:30:00,0.25,2020
2020-08-20,2020-08-20 19:00:00,2020-08-21,13167.450723,13131.172819,13149.311771,36.27790400000049,LOW,2020-08-21 02:00:00,13124.888458,29.99354200000016,False,,,2020
2020-08-23,2020-08-23 19:00:00,2020-08-24,13271.428336,13216.583002,13244.005669,54.84533400000146,HIGH,2020-08-24 02:00:00,13292.566642,39.99138999999923,False,,,2020
2020-08-25,2020-08-25 19:00:00,2020-08-26,13434.821729,13402.257311,13418.539519999998,32.56441799999993,LOW,2020-08-26 02:00:00,13399.115131,3.142179999998916,True,2020-08-26 02:30:00,0.5,2020
2020-08-27,2020-08-27 19:00:00,2020-08-28,13730.47236,13636.778247,13683.6253035,93.69411299999956,LOW,2020-08-28 02:30:00,13622.209955,14.568291999999929,True,2020-08-28 06:45:00,4.25,2020
2020-08-31,2020-08-31 19:00:00,2020-09-01,13910.719266,13855.016974,13882.86812,55.70229199999994,HIGH,2020-09-01 02:00:00,13934.999753,65.98579400000017,False,,,2020
2020-09-01,2020-09-01 19:00:00,2020-09-02,14188.08812,14116.103618,14152.095869,71.98450200000116,HIGH,2020-09-02 02:15:00,14201.799453,25.70874999999978,False,,,2020
2020-09-03,2020-09-03 19:00:00,2020-09-04,13379.976394,13245.14828,13312.562337,134.8281139999999,HIGH,2020-09-04 02:15:00,13427.966062,67.12840400000096,True,2020-09-04 06:15:00,4.0,2020
2020-09-06,2020-09-06 19:00:00,2020-09-07,13117.175833,12994.345136,13055.760484499999,122.83069699999942,LOW,2020-09-07 02:00:00,12992.916872,1.4282640000001265,True,2020-09-07 02:10:00,0.16666666666666666,2020
2020-09-08,2020-09-08 19:00:00,2020-09-09,12796.102104,12611.284753,12703.693428499999,184.8173509999997,HIGH,2020-09-09 02:30:00,12828.095216,31.99311200000011,False,,,2020
2020-09-09,2020-09-09 19:00:00,2020-09-10,13076.327485,12944.070246,13010.198865499999,132.25723900000048,LOW,2020-09-10 02:30:00,12926.074121,17.996124999999665,True,2020-09-10 04:45:00,2.25,2020
2020-09-10,2020-09-10 19:00:00,2020-09-11,12875.513578,12774.392492,12824.953035,101.1210859999992,HIGH,2020-09-11 02:00:00,12920.932371,81.12539099999958,True,2020-09-11 07:30:00,5.5,2020
2020-09-13,2020-09-13 19:00:00,2020-09-14,12846.376994,12754.968103,12800.672548499999,91.40889100000095,HIGH,2020-09-14 02:00:00,12877.862836,34.917498999999225,True,2020-09-14 04:30:00,2.5,2020
2020-09-14,2020-09-14 19:00:00,2020-09-15,12947.639851,12849.265699,12898.452775,98.37415200000032,HIGH,2020-09-15 02:15:00,12950.213594,2.5737430000008317,False,,,2020
2020-09-16,2020-09-16 19:00:00,2020-09-17,12895.30709,12657.66488,12776.485985,237.64220999999998,LOW,2020-09-17 02:00:00,12622.20443,49.75901900000099,True,2020-09-17 04:45:00,2.75,2020
2020-09-17,2020-09-17 19:00:00,2020-09-18,12716.00304,12607.905861,12661.9544505,108.09717900000032,HIGH,2020-09-18 02:00:00,12718.862753,14.29856800000016,True,2020-09-18 02:45:00,0.75,2020
2020-09-20,2020-09-20 19:00:00,2020-09-21,12571.587497,12445.760093,12508.673795,125.82740399999966,LOW,2020-09-21 02:00:00,12426.885982,86.64932600000066,False,,,2020
2020-09-21,2020-09-21 19:00:00,2020-09-22,12637.074941,12514.107251,12575.591096,122.96769000000131,LOW,2020-09-22 02:00:00,12476.645001,48.61513299999933,True,2020-09-22 03:00:00,1.0,2020
2020-09-22,2020-09-22 19:00:00,2020-09-23,12727.727866,12669.675677,12698.7017715,58.052189,HIGH,2020-09-23 02:00:00,12738.594778,42.323763000000326,False,,,2020
2020-09-24,2020-09-24 19:00:00,2020-09-25,12555.859071,12492.659398,12524.259234500001,63.199673000000985,LOW,2020-09-25 02:00:00,12453.48132,64.62953000000016,False,,,2020
2020-09-27,2020-09-27 19:00:00,2020-09-28,12801.50848,12743.17032,12772.3394,58.33816000000115,HIGH,2020-09-28 02:00:00,12834.395188,41.46584900000016,False,,,2020
2020-09-28,2020-09-28 19:00:00,2020-09-29,13096.058994,13036.862919,13066.4609565,59.196075000001656,LOW,2020-09-29 02:00:00,13003.404269,60.625929999998334,False,,,2020
2020-09-29,2020-09-29 19:00:00,2020-09-30,13071.179484,12847.549871,12959.3646775,223.62961300000097,LOW,2020-09-30 02:00:00,12820.668562,26.88130899999851,True,2020-09-30 08:00:00,6.0,2020
2020-09-30,2020-09-30 19:00:00,2020-10-01,13129.231673,13051.447459,13090.339566,77.78421399999934,HIGH,2020-10-01 02:00:00,13148.391755,37.74822099999983,False,,,2020
2020-10-04,2020-10-04 19:00:00,2020-10-05,13001.116498,12940.490567,12970.8035325,60.62593099999867,LOW,2020-10-05 02:00:00,12910.177602,51.760818000000654,True,2020-10-05 04:30:00,2.5,2020
2020-10-05,2020-10-05 19:00:00,2020-10-06,13118.078789,13064.0302,13091.0544945,54.04858899999999,HIGH,2020-10-06 02:00:00,13140.098585,22.019796000000497,True,2020-10-06 02:30:00,0.5,2020
2020-10-06,2020-10-06 19:00:00,2020-10-07,12928.193798,12860.990525,12894.5921615,67.20327300000099,HIGH,2020-10-07 02:00:00,12965.370076,64.05758699999933,False,,,2020
2020-10-07,2020-10-07 19:00:00,2020-10-08,13178.70472,13124.370159,13151.5374395,54.33456099999967,HIGH,2020-10-08 02:00:00,13237.614823,58.91010300000016,False,,,2020
2020-10-08,2020-10-08 19:00:00,2020-10-09,13271.931387,13227.033882,13249.4826345,44.89750500000082,LOW,2020-10-09 02:00:00,13221.886397,5.147484999999506,True,2020-10-09 03:45:00,1.75,2020
2020-10-13,2020-10-13 19:00:00,2020-10-14,13923.660145,13840.442476,13882.051310499999,83.21766899999966,HIGH,2020-10-14 02:00:00,13925.375973,1.7158280000003288,True,2020-10-14 02:15:00,0.25,2020
2020-10-14,2020-10-14 19:00:00,2020-10-15,13690.879448,13568.483701,13629.681574499999,122.39574700000048,LOW,2020-10-15 02:00:00,13544.176134,24.307566999999835,False,,,2020
2020-10-18,2020-10-18 19:00:00,2020-10-19,13636.258916,13570.771471,13603.5151935,65.48744500000066,HIGH,2020-10-19 02:00:00,13656.848855,21.447852999999668,False,,,2020
2020-10-20,2020-10-20 19:00:00,2020-10-21,13434.93507,13378.884681,13406.9098755,56.050388999999996,LOW,2020-10-21 02:00:00,13355.149057,38.89210699999967,False,,,2020
2020-10-21,2020-10-21 19:00:00,2020-10-22,13313.111265,13264.21016,13288.660712500001,48.901104999999006,HIGH,2020-10-22 02:30:00,13316.25695,3.145685000001322,False,,,2020
2020-10-22,2020-10-22 19:00:00,2020-10-23,13359.152656,13295.38104,13327.266848,63.771615999999995,LOW,2020-10-23 02:00:00,13290.805498,4.575542000000496,True,2020-10-23 02:30:00,0.5,2020
2020-10-25,2020-10-25 19:00:00,2020-10-26,13313.397236,13274.791101,13294.0941685,38.606134999999995,LOW,2020-10-26 02:00:00,13259.92059,70.92090000000098,False,,,2020
2020-10-26,2020-10-26 19:00:00,2020-10-27,13191.28746,13135.523043,13163.4052515,55.76441700000032,HIGH,2020-10-27 02:00:00,13197.006888,8.007198999999673,True,2020-10-27 03:00:00,1.0,2020
2020-10-27,2020-10-27 19:00:00,2020-10-28,13209.589628,13172.127379,13190.8585035,37.462249000000156,LOW,2020-10-28 02:00:00,13167.837808,37.74822200000017,True,2020-10-28 02:05:00,0.08333333333333333,2020
2020-10-28,2020-10-28 19:00:00,2020-10-29,12874.43118,12788.067826,12831.249503,86.36335399999916,HIGH,2020-10-29 02:00:00,12896.450976,22.019796000000497,True,2020-10-29 02:30:00,0.5,2020
2020-10-29,2020-10-29 19:00:00,2020-10-30,12832.67936,12762.616373,12797.6478665,70.06298699999934,LOW,2020-10-30 02:00:00,12651.37351,116.10437700000148,True,2020-10-30 04:30:00,2.5,2020
2020-11-01,2020-11-01 19:00:00,2020-11-02,12682.258418,12577.020953,12629.639685499998,105.23746500000016,HIGH,2020-11-02 02:00:00,12691.409502,17.158282000000327,False,,,2020
2020-11-02,2020-11-02 19:00:00,2020-11-03,12726.583981,12658.808765,12692.696372999999,67.775216,HIGH,2020-11-03 02:30:00,12754.037232,27.45325100000082,False,,,2020
2020-11-04,2020-11-04 19:00:00,2020-11-05,13711.755358,13464.962064,13588.358711,246.79329400000097,HIGH,2020-11-05 02:00:00,13749.217608,68.63312899999983,False,,,2020
2020-11-10,2020-11-10 19:00:00,2020-11-11,13381.172452,13253.915191,13317.5438215,127.25726100000065,HIGH,2020-11-11 02:30:00,13414.059159,32.88670699999966,False,,,2020
2020-11-12,2020-11-12 19:00:00,2020-11-13,13577.920756,13503.282228,13540.601492,74.6385279999995,HIGH,2020-11-13 02:00:00,13634.543088,56.622332000000824,False,,,2020
2020-11-15,2020-11-15 19:00:00,2020-11-16,13795.54497,13740.924438,13768.234704,54.62053200000082,LOW,2020-11-16 02:00:00,13714.3291,26.595337999999174,False,,,2020
2020-11-17,2020-11-17 19:00:00,2020-11-18,13708.03773,13649.69957,13678.86865,58.338159999999334,HIGH,2020-11-18 02:15:00,13737.492782,29.45505199999934,True,2020-11-18 08:00:00,5.75,2020
2020-11-22,2020-11-22 19:00:00,2020-11-23,13675.436994,13651.415398,13663.426196,24.0215960000005,HIGH,2020-11-23 02:00:00,13682.872249,7.721226999999999,True,2020-11-23 02:05:00,0.08333333333333333,2020
2020-11-25,2020-11-25 19:00:00,2020-11-26,13970.273479,13928.521658,13949.3975685,41.751820999999836,HIGH,2020-11-26 02:00:00,13982.284276,12.01079700000082,True,2020-11-26 02:05:00,0.08333333333333333,2020
2020-11-26,2020-11-26 19:00:00,2020-11-27,13945.107998,13883.05221,13914.080104,62.055787999999666,HIGH,2020-11-27 02:00:00,13956.260881,11.152883000000656,False,,,2020
2020-11-30,2020-11-30 19:00:00,2020-12-01,14186.181865,14143.286159,14164.734012,42.895706000001155,LOW,2020-12-01 02:00:00,14132.419247,16.586339999999836,True,2020-12-01 04:45:00,2.75,2020
2020-12-01,2020-12-01 19:00:00,2020-12-02,14231.937284,14190.471435,14211.2043595,41.46584900000016,HIGH,2020-12-02 02:15:00,14250.525423,18.5881389999995,True,2020-12-02 05:30:00,3.25,2020
2020-12-03,2020-12-03 19:00:00,2020-12-04,14314.011068,14273.689105,14293.850086499999,40.32196300000032,HIGH,2020-12-04 02:00:00,14322.304238,8.293170000000828,True,2020-12-04 06:45:00,4.75,2020
2020-12-06,2020-12-06 19:00:00,2020-12-07,14359.766488,14309.721497,14334.7439925,50.044990999998845,LOW,2020-12-07 02:00:00,14305.431927,40.03599200000099,True,2020-12-07 07:45:00,5.75,2020
2020-12-08,2020-12-08 19:00:00,2020-12-09,14482.448206,14452.135241,14467.291723499999,30.312964999999167,LOW,2020-12-09 02:15:00,14443.842071,8.293170000000828,False,,,2020
2020-12-10,2020-12-10 19:00:00,2020-12-11,14187.32575,14131.561333,14159.4435415,55.76441700000032,LOW,2020-12-11 02:15:00,14100.676424,44.32556300000033,False,,,2020
2020-12-13,2020-12-13 19:00:00,2020-12-14,14212.20526,14168.737611,14190.4714355,43.467649000000165,HIGH,2020-12-14 02:00:00,14216.49483,4.289569999999003,True,2020-12-14 02:05:00,0.08333333333333333,2020
2020-12-14,2020-12-14 19:00:00,2020-12-15,14274.261047,14203.626118,14238.9435825,70.63492899999983,HIGH,2020-12-15 02:00:00,14303.687912,31.713443000000552,False,,,2020
2020-12-15,2020-12-15 19:00:00,2020-12-16,14435.451962,14389.14876,14412.300361,46.303201999999146,HIGH,2020-12-16 02:15:00,14439.739295,26.29564500000015,True,2020-12-16 07:30:00,5.25,2020
2020-12-16,2020-12-16 19:00:00,2020-12-17,14535.203922,14487.757431,14511.4806765,47.446491000000606,HIGH,2020-12-17 02:00:00,14567.787656,39.72928999999931,False,,,2020
2020-12-17,2020-12-17 19:00:00,2020-12-18,14565.215256,14527.772544,14546.4939,37.44271200000003,HIGH,2020-12-18 02:00:00,14566.358545,11.147068000000218,False,,,2020
2020-12-20,2020-12-20 19:00:00,2020-12-21,14606.087836,14553.782367,14579.9351015,52.30546900000081,LOW,2020-12-21 02:00:00,14540.920366,24.294889999999214,False,,,2020
2020-12-22,2020-12-22 19:00:00,2020-12-23,14525.485966,14456.888629,14491.1872975,68.59733700000106,HIGH,2020-12-23 02:00:00,14563.500323,38.58600099999967,False,,,2020
2020-12-27,2020-12-27 19:00:00,2020-12-28,14618.09237,14559.784634,14588.938502,58.30773600000066,HIGH,2020-12-28 02:00:00,14620.950592,2.858221999998932,False,,,2020
2020-12-28,2020-12-28 19:00:00,2020-12-29,14731.563797,14698.122595,14714.843196000002,33.441201999999976,HIGH,2020-12-29 02:00:00,14742.996686,14.862755999998626,False,,,2020
2020-12-29,2020-12-29 19:00:00,2020-12-30,14740.710108,14666.110505,14703.4103065,74.59960299999875,HIGH,2020-12-30 02:15:00,14740.995931,2.572401000001264,False,,,2020
2021-01-03,2021-01-03 19:00:00,2021-01-04,14742.996686,14672.112772,14707.554729,70.883914,HIGH,2021-01-04 02:00:00,14793.587222,66.02493700000014,True,2021-01-04 08:00:00,6.0,2021
2021-01-04,2021-01-04 19:00:00,2021-01-05,14551.209967,14476.324541,14513.767254,74.88542600000073,LOW,2021-01-05 02:00:00,14460.890141,15.434400000000096,True,2021-01-05 02:10:00,0.16666666666666666,2021
2021-01-05,2021-01-05 19:00:00,2021-01-06,14625.237926,14379.144982,14502.191454,246.092944,LOW,2021-01-06 02:00:00,14352.277692,98.03702700000031,False,,,2021
2021-01-06,2021-01-06 19:00:00,2021-01-07,14568.645123,14511.194854,14539.9199885,57.450269000000844,LOW,2021-01-07 02:00:00,14474.323786,36.87106799999856,True,2021-01-07 03:00:00,1.0,2021
2021-01-07,2021-01-07 19:00:00,2021-01-08,14837.889668,14794.444689,14816.1671785,43.444978999999876,HIGH,2021-01-08 02:00:00,14854.75318,16.8635119999999,True,2021-01-08 03:00:00,1.0,2021
2021-01-11,2021-01-11 19:00:00,2021-01-12,14798.732022,14732.707086,14765.719554,66.0249359999998,HIGH,2021-01-12 02:00:00,14804.162645,5.430623000000196,True,2021-01-12 07:00:00,5.0,2021
2021-01-19,2021-01-19 19:00:00,2021-01-20,14946.78794,14882.192115,14914.4900275,64.59582500000033,HIGH,2021-01-20 02:00:00,14965.652207,18.864266999999018,False,,,2021
2021-01-20,2021-01-20 19:00:00,2021-01-21,15310.925467,15255.761775,15283.343621,55.163691999998264,LOW,2021-01-21 02:00:00,15245.757997,10.003778000000239,True,2021-01-21 02:05:00,0.08333333333333333,2021
2021-01-21,2021-01-21 19:00:00,2021-01-22,15293.776133,15243.185597,15268.480865,50.5905359999997,LOW,2021-01-22 02:00:00,15234.325108,8.860489000000598,True,2021-01-22 08:00:00,6.0,2021
2021-01-24,2021-01-24 19:00:00,2021-01-25,15398.958715,15353.227157,15376.092936000001,45.731558000001314,HIGH,2021-01-25 02:00:00,15407.533382,9.146310999998605,False,,,2021
2021-01-26,2021-01-26 19:00:00,2021-01-27,15517.860764,15474.701607,15496.2811855,43.15915699999823,LOW,2021-01-27 02:00:00,15466.984407,7.7172000000009575,True,2021-01-27 03:00:00,1.0,2021
2021-01-27,2021-01-27 19:00:00,2021-01-28,15011.097942,14864.471136,14937.784539,146.62680600000022,LOW,2021-01-28 02:00:00,14861.612914,93.17804799999976,True,2021-01-28 06:00:00,4.0,2021
2021-01-28,2021-01-28 19:00:00,2021-01-29,15046.5399,14820.740334,14933.640116999999,225.7995659999997,LOW,2021-01-29 02:00:00,14786.727488,34.01284599999963,True,2021-01-29 05:00:00,3.0,2021
2021-01-31,2021-01-31 19:00:00,2021-02-01,14843.034468,14651.247749,14747.1411085,191.78671899999972,HIGH,2021-02-01 02:00:00,14909.631049,75.45707000000039,False,,,2021
2021-02-02,2021-02-02 19:00:00,2021-02-03,15490.42183,15422.967783,15456.6948065,67.45404699999926,HIGH,2021-02-03 02:00:00,15531.008587,40.586757000000944,True,2021-02-03 03:00:00,1.0,2021
2021-02-03,2021-02-03 19:00:00,2021-02-04,15374.09218,15257.476709,15315.784444500001,116.61547099999916,HIGH,2021-02-04 02:00:00,15385.52507,11.432890000000043,False,,,2021
2021-02-07,2021-02-07 19:00:00,2021-02-08,15648.481526,15608.752235,15628.6168805,39.72929099999965,LOW,2021-02-08 02:00:00,15587.029745,21.722490000000107,True,2021-02-08 02:05:00,0.08333333333333333,2021
2021-02-09,2021-02-09 19:00:00,2021-02-10,15721.93784,15643.90837,15682.923105,78.02947000000131,HIGH,2021-02-10 02:00:00,15734.228196,12.29035599999952,True,2021-02-10 07:00:00,5.0,2021
2021-02-10,2021-02-10 19:00:00,2021-02-11,15629.90308,15566.450544,15598.176812,63.45253600000069,HIGH,2021-02-11 02:00:00,15637.048636,31.726269000000684,False,,,2021
2021-02-11,2021-02-11 19:00:00,2021-02-12,15701.072817,15665.345038,15683.2089275,35.72777900000074,LOW,2021-02-12 02:00:00,15658.485304,44.30244700000003,True,2021-02-12 06:00:00,4.0,2021
2021-02-14,2021-02-14 19:00:00,2021-02-15,15853.70189,15818.545755,15836.1238225,35.156135000001086,LOW,2021-02-15 02:00:00,15814.544244,4.0015109999985725,True,2021-02-15 08:00:00,6.0,2021
2021-02-15,2021-02-15 19:00:00,2021-02-16,15892.287892,15859.989979,15876.1389355,32.297913000000335,LOW,2021-02-16 02:00:00,15847.985446,28.01057899999978,False,,,2021
2021-02-16,2021-02-16 19:00:00,2021-02-17,15749.948419,15656.198726,15703.073572500001,93.74969299999975,HIGH,2021-02-17 02:00:00,15760.238019,10.289600000000064,True,2021-02-17 02:05:00,0.08333333333333333,2021
2021-02-17,2021-02-17 19:00:00,2021-02-18,15683.066016,15562.163211,15622.6146135,120.90280500000154,LOW,2021-02-18 02:00:00,15555.875122,6.2880889999996725,False,,,2021
2021-02-18,2021-02-18 19:00:00,2021-02-19,15597.033524,15491.565119,15544.2993215,105.46840499999962,HIGH,2021-02-19 02:00:00,15598.748457,18.006799999999203,False,,,2021
2021-02-21,2021-02-21 19:00:00,2021-02-22,15581.884945,15440.688761,15511.286853,141.19618400000036,LOW,2021-02-22 02:00:00,15337.792757,161.20373999999902,False,,,2021
2021-02-24,2021-02-24 19:00:00,2021-02-25,15267.194665,15176.303194,15221.748929500001,90.89147100000082,LOW,2021-02-25 02:00:00,15129.142525,58.30773600000066,False,,,2021
2021-02-25,2021-02-25 19:00:00,2021-02-26,14710.412952,14476.610364,14593.511658,233.80258800000047,HIGH,2021-02-26 02:00:00,14766.43411,56.02115799999956,True,2021-02-26 02:05:00,0.08333333333333333,2021
2021-02-28,2021-02-28 19:00:00,2021-03-01,14960.793229,14894.482471,14927.63785,66.31075800000144,HIGH,2021-03-01 02:00:00,15003.380742,48.3039579999986,True,2021-03-01 05:00:00,3.0,2021
2021-03-01,2021-03-01 19:00:00,2021-03-02,15231.466885,15099.417013,15165.441949,132.0498719999996,LOW,2021-03-02 02:00:00,15052.827989,46.58902400000079,True,2021-03-02 06:00:00,4.0,2021
2021-03-02,2021-03-02 19:00:00,2021-03-03,15047.397366,14939.070739,14993.2340525,108.32662699999855,HIGH,2021-03-03 02:00:00,15082.267679,34.87031300000126,True,2021-03-03 06:00:00,4.0,2021
2021-03-03,2021-03-03 19:00:00,2021-03-04,14480.897697,14303.973734,14392.4357155,176.9239630000011,HIGH,2021-03-04 02:00:00,14529.773299,48.87560200000007,True,2021-03-04 03:00:00,1.0,2021
2021-03-07,2021-03-07 19:00:00,2021-03-08,14499.761965,14303.973734,14401.867849499999,195.78823100000045,LOW,2021-03-08 02:00:00,14212.224797,122.33191699999952,True,2021-03-08 07:00:00,5.0,2021
2021-03-08,2021-03-08 19:00:00,2021-03-09,14262.52951,14092.179458,14177.354484,170.35005199999978,HIGH,2021-03-09 02:00:00,14285.395289,56.02115799999956,False,,,2021
2021-03-09,2021-03-09 19:00:00,2021-03-10,14637.814104,14542.6353,14590.224702,95.17880399999922,HIGH,2021-03-10 02:00:00,14641.529793,3.715689000000566,True,2021-03-10 02:05:00,0.08333333333333333,2021
2021-03-10,2021-03-10 19:00:00,2021-03-11,14739.852642,14554.354011,14647.1033265,185.4986310000004,HIGH,2021-03-11 02:00:00,14783.297621,92.32058200000029,False,,,2021
2021-03-11,2021-03-11 19:00:00,2021-03-12,14971.368652,14813.594778,14892.481715,157.7738739999986,LOW,2021-03-12 02:00:00,14663.538105,150.05667300000096,False,,,2021
2021-03-14,2021-03-14 19:00:00,2021-03-15,14873.617448,14751.857176,14812.737312000001,121.76027200000135,LOW,2021-03-15 02:00:00,14716.415218,35.44195799999943,True,2021-03-15 03:00:00,1.0,2021
2021-03-15,2021-03-15 19:00:00,2021-03-16,15024.541309,14927.352028,14975.9466685,97.18928100000085,HIGH,2021-03-16 02:00:00,15049.424428,40.32781299999988,False,,,2021
2021-03-17,2021-03-17 19:00:00,2021-03-18,15178.130212,15062.008993,15120.0696025,116.12121900000056,LOW,2021-03-18 02:00:00,14913.854334,148.1546589999998,False,,,2021
2021-03-18,2021-03-18 19:00:00,2021-03-19,14666.453214,14588.657717,14627.5554655,77.79549699999916,HIGH,2021-03-19 02:00:00,14719.937618,53.48440400000072,True,2021-03-19 08:00:00,6.0,2021
2021-03-23,2021-03-23 19:00:00,2021-03-24,14956.756262,14896.979576,14926.867919,59.776686000001064,LOW,2021-03-24 02:00:00,14896.121537,0.8580389999988256,True,2021-03-24 03:00:00,1.0,2021
2021-03-29,2021-03-29 19:00:00,2021-03-30,14848.071377,14763.983598,14806.0274875,84.0877789999995,LOW,2021-03-30 02:00:00,14752.543084,50.910288000000946,False,,,2021
2021-03-31,2021-03-31 19:00:00,2021-04-01,15039.69999,14991.935844,15015.817917,47.76414599999953,HIGH,2021-04-01 02:00:00,15065.155135,87.51993400000174,False,,,2021
2021-04-04,2021-04-04 19:00:00,2021-04-05,15275.374583,15236.476835,15255.925709,38.89774800000123,LOW,2021-04-05 02:00:00,15228.754488,7.72234699999899,True,2021-04-05 03:00:00,1.0,2021
2021-04-05,2021-04-05 19:00:00,2021-04-06,15583.982454,15521.345639,15552.6640465,62.63681500000166,LOW,2021-04-06 02:00:00,15501.038726,48.908197999999174,True,2021-04-06 07:00:00,5.0,2021
2021-04-06,2021-04-06 19:00:00,2021-04-07,15556.52522,15500.180688,15528.352954,56.34453199999916,HIGH,2021-04-07 02:00:00,15567.965734,11.440513999999894,True,2021-04-07 04:00:00,2.0,2021
2021-04-08,2021-04-08 19:00:00,2021-04-09,15835.673767,15698.959622,15767.316694500001,136.71414499999992,LOW,2021-04-09 02:00:00,15681.226825,17.732797000000573,False,,,2021
2021-04-11,2021-04-11 19:00:00,2021-04-12,15808.788559,15751.013962,15779.9012605,57.77459699999963,HIGH,2021-04-12 02:00:00,15811.648687,2.860128000000259,True,2021-04-12 05:00:00,3.0,2021
2021-04-13,2021-04-13 19:00:00,2021-04-14,16002.133249,15968.097719,15985.115484,34.03553000000102,HIGH,2021-04-14 02:00:00,16006.423442,4.290192999998908,True,2021-04-14 02:05:00,0.08333333333333333,2021
2021-04-14,2021-04-14 19:00:00,2021-04-15,15836.531806,15775.611068,15806.071437,60.92073800000071,HIGH,2021-04-15 02:00:00,15871.9974,61.20675099999971,False,,,2021
2021-04-19,2021-04-19 19:00:00,2021-04-20,15938.352382,15906.890968,15922.621674999999,31.461413999999422,LOW,2021-04-20 02:00:00,15895.164441,11.726526999998896,True,2021-04-20 02:15:00,0.25,2021
2021-04-20,2021-04-20 19:00:00,2021-04-21,15743.005602,15684.658979,15713.832290499999,58.346622999999454,HIGH,2021-04-21 02:00:00,15761.596438,18.590836000001218,True,2021-04-21 07:00:00,5.0,2021
2021-04-21,2021-04-21 19:00:00,2021-04-22,15926.053829,15877.145631,15901.59973,48.90819800000099,HIGH,2021-04-22 02:00:00,15944.930678,18.87684900000022,True,2021-04-22 05:00:00,3.0,2021
2021-04-22,2021-04-22 19:00:00,2021-04-23,15776.183093,15731.279075,15753.731084,44.90401799999927,LOW,2021-04-23 02:00:00,15717.836471,13.442603999999847,True,2021-04-23 02:15:00,0.25,2021
2021-04-25,2021-04-25 19:00:00,2021-04-26,15952.939038,15908.03502,15930.487029,44.90401800000109,LOW,2021-04-26 02:00:00,15904.602865,3.432154999998602,True,2021-04-26 02:05:00,0.08333333333333333,2021
2021-04-27,2021-04-27 19:00:00,2021-04-28,15992.980838,15963.235501,15978.1081695,29.74533700000029,LOW,2021-04-28 02:00:00,15907.749007,55.48649399999886,True,2021-04-28 08:00:00,6.0,2021
2021-04-29,2021-04-29 19:00:00,2021-04-30,15926.911868,15863.131001,15895.021434499999,63.78086699999949,HIGH,2021-04-30 02:00:00,15929.199971,2.288103000000774,True,2021-04-30 03:00:00,1.0,2021
2021-05-02,2021-05-02 19:00:00,2021-05-03,15906.318942,15851.9765,15879.147721000001,54.34244199999921,HIGH,2021-05-03 02:00:00,15918.903508,12.58456599999954,True,2021-05-03 03:00:00,1.0,2021
2021-05-05,2021-05-05 19:00:00,2021-05-06,15478.157698,15388.635674,15433.396686,89.5220240000017,HIGH,2021-05-06 02:00:00,15495.604482,47.192120999998224,True,2021-05-06 07:00:00,5.0,2021
2021-05-06,2021-05-06 19:00:00,2021-05-07,15628.886473,15562.53149,15595.7089815,66.35498300000108,LOW,2021-05-07 02:00:00,15545.656732,16.87475799999993,True,2021-05-07 04:00:00,2.0,2021
2021-05-09,2021-05-09 19:00:00,2021-05-10,15732.995152,15680.082774,15706.538962999999,52.91237799999908,LOW,2021-05-10 02:00:00,15624.59628,79.22556100000111,False,,,2021
2021-05-10,2021-05-10 19:00:00,2021-05-11,15266.794198,15067.157225,15166.9757115,199.63697299999876,LOW,2021-05-11 02:00:00,15032.835682,34.32154300000002,True,2021-05-11 02:05:00,0.08333333333333333,2021
2021-05-12,2021-05-12 19:00:00,2021-05-13,14951.894044,14861.513982,14906.704013,90.38006200000018,LOW,2021-05-13 02:00:00,14807.171539,54.34244299999955,True,2021-05-13 02:05:00,0.08333333333333333,2021
2021-05-13,2021-05-13 19:00:00,2021-05-14,15102.622819,14991.649831,15047.136325,110.97298799999953,HIGH,2021-05-14 02:00:00,15120.641629,18.018809999999576,False,,,2021
2021-05-16,2021-05-16 19:00:00,2021-05-17,15328.572974,15261.931979,15295.252476500002,66.64099499999975,LOW,2021-05-17 02:00:00,15252.493555,9.43842400000176,True,2021-05-17 02:15:00,0.25,2021
2021-05-17,2021-05-17 19:00:00,2021-05-18,15312.556255,15247.345324,15279.950789499999,65.21093099999962,HIGH,2021-05-18 02:00:00,15367.18471,54.62845500000003,True,2021-05-18 07:00:00,5.0,2021
2021-05-18,2021-05-18 19:00:00,2021-05-19,15120.641629,15017.963013,15069.302321,102.67861599999924,LOW,2021-05-19 02:00:00,15009.382628,79.22556100000111,False,,,2021
2021-05-19,2021-05-19 19:00:00,2021-05-20,15146.668798,15078.311726,15112.490262,68.3570720000007,HIGH,2021-05-20 02:00:00,15169.83584,23.167041999999128,True,2021-05-20 02:05:00,0.08333333333333333,2021
2021-05-23,2021-05-23 19:00:00,2021-05-24,15383.773456,15285.09902,15334.436238,98.67443600000115,HIGH,2021-05-24 02:00:00,15426.389371,42.615914999998495,False,,,2021
2021-05-24,2021-05-24 19:00:00,2021-05-25,15671.216375,15595.708981,15633.462678,75.5073940000002,HIGH,2021-05-25 02:00:00,15714.690329,43.47395399999914,True,2021-05-25 08:00:00,6.0,2021
2021-05-25,2021-05-25 19:00:00,2021-05-26,15696.385507,15661.491938,15678.9387225,34.89356900000166,LOW,2021-05-26 02:00:00,15642.043064,19.448873999999705,True,2021-05-26 02:05:00,0.08333333333333333,2021
2021-05-26,2021-05-26 19:00:00,2021-05-27,15688.949172,15629.172486,15659.060829,59.776686000001064,LOW,2021-05-27 02:00:00,15614.299817,46.33408299999974,True,2021-05-27 08:00:00,6.0,2021
2021-05-27,2021-05-27 19:00:00,2021-05-28,15691.809301,15641.471038,15666.640169499999,50.33826299999964,LOW,2021-05-28 02:00:00,15637.466858,6.0062699999998586,True,2021-05-28 03:00:00,1.0,2021
2021-05-31,2021-05-31 19:00:00,2021-06-01,15672.932452,15641.471038,15657.201744999998,31.461413999999422,HIGH,2021-06-01 02:00:00,15693.811391,20.878939000000173,False,,,2021
2021-06-01,2021-06-01 19:00:00,2021-06-02,15628.886473,15588.55866,15608.7225665,40.32781299999988,LOW,2021-06-02 02:00:00,15578.262197,10.296463000000585,True,2021-06-02 02:05:00,0.08333333333333333,2021
2021-06-02,2021-06-02 19:00:00,2021-06-03,15682.370877,15650.909463,15666.640169999999,31.461413999999422,LOW,2021-06-03 02:00:00,15616.58792,38.039709999999104,False,,,2021
2021-06-03,2021-06-03 19:00:00,2021-06-04,15482.447891,15407.798535,15445.123212999999,74.6493559999999,HIGH,2021-06-04 02:00:00,15488.740174,14.586655000000974,True,2021-06-04 05:00:00,3.0,2021
2021-06-06,2021-06-06 19:00:00,2021-06-07,15751.585988,15708.112034,15729.849011,43.47395400000096,LOW,2021-06-07 02:00:00,15686.661069,22.881029000000126,True,2021-06-07 06:00:00,4.0,2021
2021-06-07,2021-06-07 19:00:00,2021-06-08,15862.844988,15809.646597,15836.245792500002,53.1983909999999,LOW,2021-06-08 02:00:00,15796.203993,32.31945200000155,True,2021-06-08 04:00:00,2.0,2021
2021-06-08,2021-06-08 19:00:00,2021-06-09,15826.521356,15794.773929,15810.6476425,31.747426999998424,HIGH,2021-06-09 02:00:00,15839.677947,13.156591000000844,True,2021-06-09 02:05:00,0.08333333333333333,2021
2021-06-09,2021-06-09 19:00:00,2021-06-10,15833.099651,15803.640327,15818.369988999999,29.45932400000129,LOW,2021-06-10 02:00:00,15757.592258,46.04806899999858,True,2021-06-10 07:00:00,5.0,2021
2021-06-10,2021-06-10 19:00:00,2021-06-11,16001.847236,15974.390002,15988.118619,27.457233999999517,LOW,2021-06-11 02:00:00,15961.233411,13.156591000000844,True,2021-06-11 05:00:00,3.0,2021
2021-06-13,2021-06-13 19:00:00,2021-06-14,16049.611383,16026.730355,16038.170869,22.881027999999787,HIGH,2021-06-14 02:00:00,16055.628493,10.023862000000008,True,2021-06-14 02:30:00,0.5,2021
2021-06-15,2021-06-15 19:00:00,2021-06-16,16074.231271,16054.19751,16064.214390500001,20.033761000000595,HIGH,2021-06-16 02:00:00,16079.669006,8.58589799999936,True,2021-06-16 02:15:00,0.25,2021
2021-06-20,2021-06-20 19:00:00,2021-06-21,16080.527596,16008.406056,16044.466826,72.1215400000001,HIGH,2021-06-21 02:00:00,16156.655888,76.12829199999942,True,2021-06-21 08:00:00,6.0,2021
2021-06-21,2021-06-21 19:00:00,2021-06-22,16203.305932,16176.117256,16189.711594,27.18867599999976,LOW,2021-06-22 02:00:00,16161.52123,72.98012999999992,True,2021-06-22 05:00:00,3.0,2021
2021-06-22,2021-06-22 19:00:00,2021-06-23,16386.18555,16333.239182,16359.712366,52.946367999998984,LOW,2021-06-23 02:00:00,16324.939481,8.299700999999914,True,2021-06-23 02:05:00,0.08333333333333333,2021
2021-06-23,2021-06-23 19:00:00,2021-06-24,16379.603029,16353.272943,16366.437986,26.330085999999937,HIGH,2021-06-24 02:00:00,16386.18555,6.582520999998451,False,,,2021
2021-06-27,2021-06-27 19:00:00,2021-06-28,16444.855851,16408.508884,16426.682367499998,36.346967000001314,HIGH,2021-06-28 02:00:00,16458.593287,24.89910299999974,False,,,2021
2021-06-28,2021-06-28 19:00:00,2021-06-29,16590.81611,16566.203203,16578.5096565,24.612906999998813,HIGH,2021-06-29 02:00:00,16597.112434,9.158289999999397,True,2021-06-29 02:45:00,0.75,2021
2021-06-30,2021-06-30 19:00:00,2021-07-01,16686.691966,16649.200213,16667.9460895,37.491752999998425,HIGH,2021-07-01 02:00:00,16721.035556,34.343590000000404,True,2021-07-01 02:15:00,0.25,2021
2021-07-01,2021-07-01 19:00:00,2021-07-02,16653.206965,16616.859999,16635.033482,36.346966000000975,HIGH,2021-07-02 02:00:00,16702.718975,49.512009999998554,True,2021-07-02 02:05:00,0.08333333333333333,2021
2021-07-04,2021-07-04 19:00:00,2021-07-05,16849.82402,16818.056199,16833.9401095,31.767821000001277,LOW,2021-07-05 02:00:00,16815.48043,18.888974999998027,True,2021-07-05 06:00:00,4.0,2021
2021-07-05,2021-07-05 19:00:00,2021-07-06,16855.834148,16806.608336,16831.221242,49.22581200000059,LOW,2021-07-06 02:00:00,16795.160472,11.447864000001573,True,2021-07-06 03:00:00,1.0,2021
2021-07-06,2021-07-06 19:00:00,2021-07-07,16940.262141,16890.177739,16915.21994,50.08440200000041,HIGH,2021-07-07 02:00:00,16947.989449,50.94299300000057,False,,,2021
2021-07-07,2021-07-07 19:00:00,2021-07-08,16968.02321,16911.07009,16939.54665,56.95311999999831,LOW,2021-07-08 02:00:00,16786.574575,124.49551500000234,False,,,2021
2021-07-08,2021-07-08 19:00:00,2021-07-09,16847.248251,16760.530685,16803.889468,86.71756599999935,HIGH,2021-07-09 02:00:00,16874.723123,30.050640999997995,True,2021-07-09 05:00:00,3.0,2021
2021-07-11,2021-07-11 19:00:00,2021-07-12,16978.898681,16935.396799,16957.14774,43.50188200000048,LOW,2021-07-12 02:00:00,16925.666116,9.730682999997953,True,2021-07-12 02:15:00,0.25,2021
2021-07-12,2021-07-12 19:00:00,2021-07-13,17040.14475,17021.828169,17030.9864595,18.316580999999132,LOW,2021-07-13 02:00:00,17006.659749,21.464744000000792,True,2021-07-13 03:00:00,1.0,2021
2021-07-13,2021-07-13 19:00:00,2021-07-14,17042.720519,16992.922313,17017.821416,49.79820599999948,HIGH,2021-07-14 02:00:00,17051.592614,8.872095000002446,True,2021-07-14 02:15:00,0.25,2021
2021-07-14,2021-07-14 19:00:00,2021-07-15,17086.794794,17028.41069,17057.602742000003,58.38410400000066,HIGH,2021-07-15 02:00:00,17092.804922,8.87209399999847,True,2021-07-15 02:30:00,0.5,2021
2021-07-15,2021-07-15 19:00:00,2021-07-16,16936.827782,16869.571585,16903.199683500003,67.25619699999879,HIGH,2021-07-16 02:00:00,16959.437313,22.609530999998242,False,,,2021
2021-07-18,2021-07-18 19:00:00,2021-07-19,16784.571198,16729.049061,16756.8101295,55.52213699999993,HIGH,2021-07-19 02:00:00,16787.146968,2.5757699999994657,True,2021-07-19 02:05:00,0.08333333333333333,2021
2021-07-21,2021-07-21 19:00:00,2021-07-22,17006.945946,16978.040091,16992.493018499998,28.905855000000884,HIGH,2021-07-22 02:00:00,17033.562229,26.616282999999385,True,2021-07-22 03:00:00,1.0,2021
2021-07-26,2021-07-26 19:00:00,2021-07-27,17306.307575,17273.681165,17289.99437,32.62640999999712,LOW,2021-07-27 02:00:00,17254.219797,42.35709500000303,True,2021-07-27 05:00:00,3.0,2021
2021-07-28,2021-07-28 19:00:00,2021-07-29,17163.781675,17108.259538,17136.0206065,55.52213699999993,HIGH,2021-07-29 02:00:00,17186.105009,36.346967000001314,True,2021-07-29 05:00:00,3.0,2021
2021-08-01,2021-08-01 19:00:00,2021-08-02,17222.451976,17164.067872,17193.259923999998,58.38410400000066,HIGH,2021-08-02 02:00:00,17232.468856,13.737435999999434,True,2021-08-02 05:00:00,3.0,2021
2021-08-02,2021-08-02 19:00:00,2021-08-03,17158.057744,17105.397572,17131.727658000003,52.660171999999875,HIGH,2021-08-03 02:00:00,17160.06112,4.5791449999996985,True,2021-08-03 04:00:00,2.0,2021
2021-08-04,2021-08-04 19:00:00,2021-08-05,17289.708173,17264.522874,17277.115523499997,25.18529900000067,LOW,2021-08-05 02:00:00,17258.512745,6.010128999998415,True,2021-08-05 02:05:00,0.08333333333333333,2021
2021-08-05,2021-08-05 19:00:00,2021-08-06,17366.122662,17351.526636,17358.824649000002,14.596026000002894,LOW,2021-08-06 02:00:00,17339.792576,17.171794999998383,False,,,2021
2021-08-08,2021-08-08 19:00:00,2021-08-09,17233.613642,17186.105009,17209.8593255,47.50863300000128,HIGH,2021-08-09 02:00:00,17269.960609,40.639916000000085,False,,,2021
2021-08-09,2021-08-09 19:00:00,2021-08-10,17316.038259,17277.974113,17297.006186,38.06414600000062,HIGH,2021-08-10 02:00:00,17332.923858,16.885598999997455,False,,,2021
2021-08-10,2021-08-10 19:00:00,2021-08-11,17231.037873,17198.125266,17214.5815695,32.912607000002026,LOW,2021-08-11 02:00:00,17169.791804,28.33346199999869,True,2021-08-11 02:05:00,0.08333333333333333,2021
2021-08-11,2021-08-11 19:00:00,2021-08-12,17184.101633,17162.064496,17173.0830645,22.037136999999348,LOW,2021-08-12 02:00:00,17155.195778,9.730683999998291,True,2021-08-12 03:00:00,1.0,2021
2021-08-12,2021-08-12 19:00:00,2021-08-13,17262.233301,17242.19954,17252.2164205,20.033760999998776,HIGH,2021-08-13 02:00:00,17272.250182,20.033760999998776,True,2021-08-13 06:00:00,4.0,2021
2021-08-15,2021-08-15 19:00:00,2021-08-16,17305.735182,17278.546506,17292.140844,27.18867600000158,LOW,2021-08-16 02:00:00,17273.967361,4.5791449999996985,True,2021-08-16 02:15:00,0.25,2021
2021-08-16,2021-08-16 19:00:00,2021-08-17,17322.906977,17289.421977,17306.164477,33.484999999996944,LOW,2021-08-17 02:00:00,17238.192788,51.2291890000015,False,,,2021
2021-08-18,2021-08-18 19:00:00,2021-08-19,17028.41069,16958.292526,16993.351608,70.11816399999952,LOW,2021-08-19 02:00:00,16866.423422,91.86910400000124,False,,,2021
2021-08-19,2021-08-19 19:00:00,2021-08-20,17122.569367,17048.444451,17085.506909,74.12491600000067,LOW,2021-08-20 02:00:00,17001.222014,47.222437000000355,True,2021-08-20 07:00:00,5.0,2021
2021-08-23,2021-08-23 19:00:00,2021-08-24,17564.1707,17540.70258,17552.43664,23.468119999997725,HIGH,2021-08-24 02:00:00,17611.393136,47.222436000000016,True,2021-08-24 06:00:00,4.0,2021
2021-08-24,2021-08-24 19:00:00,2021-08-25,17593.935145,17568.463648,17581.1993965,25.471496999998635,HIGH,2021-08-25 02:00:00,17601.090059,12.306453000001056,True,2021-08-25 05:00:00,3.0,2021
2021-08-25,2021-08-25 19:00:00,2021-08-26,17586.494033,17535.837238,17561.1656355,50.656794999998965,LOW,2021-08-26 02:00:00,17510.079545,25.757692999999563,True,2021-08-26 02:30:00,0.5,2021
2021-08-26,2021-08-26 19:00:00,2021-08-27,17553.009033,17475.735954,17514.3724935,77.27307899999869,HIGH,2021-08-27 02:00:00,17555.012409,2.0033760000005714,True,2021-08-27 08:00:00,6.0,2021
2021-08-30,2021-08-30 19:00:00,2021-08-31,17934.509082,17846.64673,17890.577906,87.8623520000001,HIGH,2021-08-31 02:00:00,17939.374424,4.865342000000965,True,2021-08-31 04:00:00,2.0,2021
2021-08-31,2021-08-31 19:00:00,2021-09-01,17895.872543,17834.054081,17864.963312,61.81846200000291,HIGH,2021-09-01 02:00:00,17914.189125,18.31658199999947,True,2021-09-01 03:00:00,1.0,2021
2021-09-01,2021-09-01 19:00:00,2021-09-02,17894.727757,17859.23938,17876.9835685,35.48837700000149,HIGH,2021-09-02 02:00:00,17898.734509,4.006752000001143,False,,,2021
2021-09-05,2021-09-05 19:00:00,2021-09-06,17955.401433,17907.320407,17931.36092,48.08102599999984,HIGH,2021-09-06 02:00:00,17983.162502,27.761069000000134,False,,,2021
2021-09-07,2021-09-07 19:00:00,2021-09-08,17962.842544,17929.64374,17946.243142,33.198803999999654,LOW,2021-09-08 02:00:00,17927.926561,64.96662500000093,True,2021-09-08 06:00:00,4.0,2021
2021-09-08,2021-09-08 19:00:00,2021-09-09,17869.256261,17806.865405,17838.060833,62.390855999998166,LOW,2021-09-09 02:00:00,17797.707114,9.158290999999736,True,2021-09-09 02:15:00,0.25,2021
2021-09-09,2021-09-09 19:00:00,2021-09-10,17857.522201,17808.868781,17833.195491,48.65341999999873,HIGH,2021-09-10 02:00:00,17865.249508,12.592649000001984,False,,,2021
2021-09-12,2021-09-12 19:00:00,2021-09-13,17739.609207,17646.573127,17693.091167,93.03608000000168,HIGH,2021-09-13 02:00:00,17741.073057,1.4638500000000931,True,2021-09-13 08:00:00,6.0,2021
2021-09-13,2021-09-13 19:00:00,2021-09-14,17711.863988,17678.932194,17695.398091000003,32.93179400000008,LOW,2021-09-14 02:00:00,17658.886755,48.96814500000255,True,2021-09-14 07:00:00,5.0,2021
2021-09-14,2021-09-14 19:00:00,2021-09-15,17658.314028,17604.764068,17631.539048,53.54996000000028,HIGH,2021-09-15 02:00:00,17665.18675,8.30453900000066,True,2021-09-15 06:00:00,4.0,2021
2021-09-19,2021-09-19 19:00:00,2021-09-20,17569.255004,17416.909663,17493.0823335,152.3453410000002,LOW,2021-09-20 02:00:00,17386.841504,30.06815899999856,False,,,2021
2021-09-20,2021-09-20 19:00:00,2021-09-21,17284.896126,17195.264375,17240.0802505,89.6317510000008,HIGH,2021-09-21 02:00:00,17351.618803,66.72267700000157,True,2021-09-21 08:00:00,6.0,2021
2021-09-21,2021-09-21 19:00:00,2021-09-22,17272.296135,17102.196263,17187.246199,170.09987199999887,HIGH,2021-09-22 02:00:00,17285.182489,21.7636199999979,False,,,2021
2021-09-22,2021-09-22 19:00:00,2021-09-23,17430.368744,17386.841504,17408.605124,43.52723999999944,HIGH,2021-09-23 02:00:00,17440.391464,48.39541800000006,True,2021-09-23 08:00:00,6.0,2021
2021-09-23,2021-09-23 19:00:00,2021-09-24,17563.241372,17483.918704,17523.580038,79.3226680000007,LOW,2021-09-24 02:00:00,17438.673283,54.69541399999798,False,,,2021
2021-09-27,2021-09-27 19:00:00,2021-09-28,17402.018765,17333.291544,17367.6551545,68.72722100000101,LOW,2021-09-28 02:00:00,17243.946157,164.08624000000054,False,,,2021
2021-09-28,2021-09-28 19:00:00,2021-09-29,17027.741773,16922.360034,16975.0509035,105.38173900000038,HIGH,2021-09-29 02:00:00,17097.041721,69.29994799999986,True,2021-09-29 08:00:00,6.0,2021
2021-09-29,2021-09-29 19:00:00,2021-09-30,17042.919035,16932.382754,16987.6508945,110.5362810000006,HIGH,2021-09-30 02:00:00,17048.35994,5.440904999999475,True,2021-09-30 02:05:00,0.08333333333333333,2021
2021-09-30,2021-09-30 19:00:00,2021-10-01,16874.823706,16694.414751,16784.6192285,180.40895499999897,LOW,2021-10-01 02:00:00,16673.510221,20.904529999999795,True,2021-10-01 06:00:00,4.0,2021
2021-10-03,2021-10-03 19:00:00,2021-10-04,16973.90545,16828.719195,16901.3123225,145.1862549999969,LOW,2021-10-04 02:00:00,16761.996518,66.72267700000157,False,,,2021
2021-10-04,2021-10-04 19:00:00,2021-10-05,16631.414798,16506.560346,16568.987572,124.85445200000322,HIGH,2021-10-05 02:00:00,16653.178418,21.7636199999979,False,,,2021
2021-10-05,2021-10-05 19:00:00,2021-10-06,16801.51467,16666.351135,16733.9329025,135.16353499999968,LOW,2021-10-06 02:00:00,16578.151202,88.19993299999987,True,2021-10-06 08:00:00,6.0,2021
2021-10-06,2021-10-06 19:00:00,2021-10-07,17053.514481,16950.710013,17002.112246999997,102.80446799999845,HIGH,2021-10-07 02:00:00,17061.246294,11.740901000001031,False,,,2021
2021-10-07,2021-10-07 19:00:00,2021-10-08,17107.923531,17010.273605,17059.098568,97.64992600000187,LOW,2021-10-08 02:00:00,16993.378163,16.895441999997274,True,2021-10-08 02:05:00,0.08333333333333333,2021
2021-10-11,2021-10-11 19:00:00,2021-10-12,16832.155556,16719.042005,16775.5987805,113.11355100000219,LOW,2021-10-12 02:00:00,16708.160195,10.88180999999895,True,2021-10-12 02:10:00,0.16666666666666666,2021
2021-10-12,2021-10-12 19:00:00,2021-10-13,16776.028326,16721.619276,16748.823801,54.40904999999839,LOW,2021-10-13 02:00:00,16713.887463,7.731813000002148,True,2021-10-13 02:15:00,0.25,2021
2021-10-13,2021-10-13 19:00:00,2021-10-14,17012.278149,16955.291828,16983.784988500003,56.986321000000316,HIGH,2021-10-14 02:00:00,17044.350852,32.072702999998,False,,,2021
2021-10-17,2021-10-17 19:00:00,2021-10-18,17323.841551,17273.441589,17298.64157,50.39996200000314,LOW,2021-10-18 02:00:00,17226.191625,47.24996399999873,True,2021-10-18 06:00:00,4.0,2021
2021-10-18,2021-10-18 19:00:00,2021-10-19,17544.341386,17497.091421,17520.716403500002,47.249964999999065,HIGH,2021-10-19 02:00:00,17558.08683,13.745444000000134,False,,,2021
2021-10-20,2021-10-20 19:00:00,2021-10-21,17602.186797,17535.177756,17568.6822765,67.00904099999752,LOW,2021-10-21 02:00:00,17526.586854,8.590901999999915,True,2021-10-21 02:10:00,0.16666666666666666,2021
2021-10-21,2021-10-21 19:00:00,2021-10-22,17662.036752,17626.527688,17644.28222,35.50906400000167,HIGH,2021-10-22 02:00:00,17677.500377,15.46362500000032,True,2021-10-22 02:05:00,0.08333333333333333,2021
2021-10-24,2021-10-24 19:00:00,2021-10-25,17601.327707,17531.168669,17566.248187999998,70.1590380000016,HIGH,2021-10-25 02:00:00,17622.804963,21.477255999998306,True,2021-10-25 08:00:00,6.0,2021
2021-10-25,2021-10-25 19:00:00,2021-10-26,17850.17752,17798.632104,17824.404812,51.54541600000084,HIGH,2021-10-26 02:00:00,17854.759335,24.34089099999983,False,,,2021
2021-10-26,2021-10-26 19:00:00,2021-10-27,17835.572986,17777.727575,17806.6502805,57.84541099999842,HIGH,2021-10-27 02:00:00,17853.327518,25.19998100000157,True,2021-10-27 04:00:00,2.0,2021
2021-10-27,2021-10-27 19:00:00,2021-10-28,17902.86839,17865.068418,17883.968404,37.79997200000071,LOW,2021-10-28 02:00:00,17859.627513,5.440904999999475,True,2021-10-28 02:05:00,0.08333333333333333,2021
2021-10-28,2021-10-28 19:00:00,2021-10-29,17960.141074,17906.877478,17933.509275999997,53.26359600000069,LOW,2021-10-29 02:00:00,17900.291119,17.181805999996868,True,2021-10-29 02:15:00,0.25,2021
2021-11-04,2021-11-04 19:00:00,2021-11-05,18724.158683,18684.926894,18704.542788500003,39.2317890000013,LOW,2021-11-05 02:00:00,18673.185994,11.740900000000693,True,2021-11-05 02:05:00,0.08333333333333333,2021
2021-11-07,2021-11-07 19:00:00,2021-11-08,18690.081436,18639.108747,18664.5950915,50.97268900000199,HIGH,2021-11-08 02:00:00,18713.563236,23.481800000001385,False,,,2021
2021-11-08,2021-11-08 19:00:00,2021-11-09,18703.540516,18650.849647,18677.195081500002,52.69086900000184,HIGH,2021-11-09 02:00:00,18706.976878,16.322714999998425,True,2021-11-09 02:05:00,0.08333333333333333,2021
2021-11-09,2021-11-09 19:00:00,2021-11-10,18577.540611,18479.031594,18528.286102500002,98.50901700000031,HIGH,2021-11-10 02:00:00,18604.458773,26.91816199999812,True,2021-11-10 03:00:00,1.0,2021
2021-11-15,2021-11-15 19:00:00,2021-11-16,18585.84515,18523.417924,18554.631537,62.42722599999979,LOW,2021-11-16 02:00:00,18517.690656,5.727268000002368,True,2021-11-16 02:05:00,0.08333333333333333,2021
2021-11-16,2021-11-16 19:00:00,2021-11-17,18684.926894,18640.2542,18662.590547,44.672694000000774,HIGH,2021-11-17 02:00:00,18708.122331,23.195436999998492,True,2021-11-17 07:00:00,5.0,2021
2021-11-17,2021-11-17 19:00:00,2021-11-18,18737.045037,18703.540516,18720.2927765,33.50452099999893,HIGH,2021-11-18 02:00:00,18759.09502,32.64543000000049,False,,,2021
2021-11-21,2021-11-21 19:00:00,2021-11-22,19051.472074,19021.690278,19036.581176,29.78179600000294,HIGH,2021-11-22 02:00:00,19054.622071,3.1499970000004396,True,2021-11-22 02:05:00,0.08333333333333333,2021
2021-11-22,2021-11-22 19:00:00,2021-11-23,18796.035902,18692.94507,18744.490486000002,103.09083199999804,LOW,2021-11-23 02:00:00,18681.20417,51.8317790000001,True,2021-11-23 06:00:00,4.0,2021
2021-11-24,2021-11-24 19:00:00,2021-11-25,18811.78589,18742.772305,18777.2790975,69.0135850000006,HIGH,2021-11-25 02:00:00,18826.676788,14.89089800000147,True,2021-11-25 05:00:00,3.0,2021
2021-11-25,2021-11-25 19:00:00,2021-11-26,18714.995053,18598.731504,18656.8632785,116.26354899999933,LOW,2021-11-26 02:00:00,18503.945212,102.2317409999996,True,2021-11-26 08:00:00,6.0,2021
2021-11-28,2021-11-28 19:00:00,2021-11-29,18617.917853,18548.045179,18582.981516,69.87267399999837,LOW,2021-11-29 02:00:00,18537.736095,15.749988999999914,True,2021-11-29 02:05:00,0.08333333333333333,2021
2021-12-01,2021-12-01 19:00:00,2021-12-02,18313.513536,18226.459056,18269.986296,87.05447999999888,LOW,2021-12-02 02:00:00,18218.154517,8.30453900000066,True,2021-12-02 02:15:00,0.25,2021
2021-12-05,2021-12-05 19:00:00,2021-12-06,18067.813721,17985.913782,18026.8637515,81.899938999999,HIGH,2021-12-06 02:00:00,18076.690987,8.877266000003146,True,2021-12-06 03:00:00,1.0,2021
2021-12-06,2021-12-06 19:00:00,2021-12-07,18294.61355,18145.990935,18220.3022425,148.62261499999659,HIGH,2021-12-07 02:00:00,18437.222534,142.60898400000224,False,,,2021
2021-12-09,2021-12-09 19:00:00,2021-12-10,18549.190632,18492.204311,18520.697471500003,56.986321000000316,HIGH,2021-12-10 02:00:00,18562.36335,13.172717999997985,True,2021-12-10 02:10:00,0.16666666666666666,2021
2021-12-12,2021-12-12 19:00:00,2021-12-13,18792.885904,18751.935935,18772.4109195,40.94996899999751,LOW,2021-12-13 02:00:00,18723.872319,28.063616000003094,True,2021-12-13 03:00:00,1.0,2021
2021-12-13,2021-12-13 19:00:00,2021-12-14,18455.26343,18412.308917,18433.786173499997,42.95451300000059,HIGH,2021-12-14 02:00:00,18479.317957,24.054527000000235,True,2021-12-14 03:00:00,1.0,2021
2021-12-14,2021-12-14 19:00:00,2021-12-15,18279.722653,18204.409073,18242.065863,75.31358000000182,HIGH,2021-12-15 02:00:00,18281.440833,3.722723999999289,True,2021-12-15 02:30:00,0.5,2021
2021-12-15,2021-12-15 19:00:00,2021-12-16,18761.099564,18644.836015,18702.9677895,116.26354899999933,HIGH,2021-12-16 02:00:00,18793.744994,38.945425999998406,True,2021-12-16 07:00:00,5.0,2021
2021-12-19,2021-12-19 19:00:00,2021-12-20,18021.422846,17825.836629,17923.6297375,195.58621700000003,LOW,2021-12-20 02:00:00,17814.095729,48.68178100000296,True,2021-12-20 08:00:00,6.0,2021
2021-12-21,2021-12-21 19:00:00,2021-12-22,18300.627182,18237.340866,18268.984023999998,63.286316000001534,LOW,2021-12-22 02:00:00,18191.522719,45.818146999998135,True,2021-12-22 02:10:00,0.16666666666666666,2021
2021-12-22,2021-12-22 19:00:00,2021-12-23,18544.895181,18513.681568,18529.2883745,31.213612999999896,LOW,2021-12-23 02:00:00,18493.636128,20.04544000000169,True,2021-12-23 02:05:00,0.08333333333333333,2021
2021-12-26,2021-12-26 19:00:00,2021-12-27,18727.881407,18686.358711,18707.120059,41.522695999999996,LOW,2021-12-27 02:00:00,18679.199626,7.1590849999993225,True,2021-12-27 02:05:00,0.08333333333333333,2021
2021-12-27,2021-12-27 19:00:00,2021-12-28,18979.881218,18937.785795,18958.8335065,42.095422999998846,HIGH,2021-12-28 02:00:00,19025.126639,45.245420999999624,True,2021-12-28 02:05:00,0.08333333333333333,2021
2021-12-28,2021-12-28 19:00:00,2021-12-29,18962.126686,18897.98128,18930.053982999998,64.14540599999964,HIGH,2021-12-29 02:00:00,18971.576679,9.449993000001996,True,2021-12-29 05:00:00,3.0,2021
2021-12-29,2021-12-29 19:00:00,2021-12-30,18891.394921,18848.154044,18869.774482499997,43.24087700000018,HIGH,2021-12-30 02:00:00,18908.86309,29.781795999999304,True,2021-12-30 08:00:00,6.0,2021
2021-12-30,2021-12-30 19:00:00,2021-12-31,18812.358617,18758.808657,18785.583637000003,53.54996000000028,HIGH,2021-12-31 02:00:00,18819.517702,10.88180999999895,True,2021-12-31 03:00:00,1.0,2021
2022-01-06,2022-01-06 19:00:00,2022-01-07,18158.590925,18052.636459,18105.613692,105.95446599999923,LOW,2022-01-07 02:00:00,18006.531948,107.38628299999982,True,2022-01-07 04:00:00,2.0,2022
2022-01-09,2022-01-09 19:00:00,2022-01-10,17921.768376,17804.9321,17863.350238,116.83627599999818,LOW,2022-01-10 02:00:00,17777.154848,27.7772520000035,True,2022-01-10 02:15:00,0.25,2022
2022-01-10,2022-01-10 19:00:00,2022-01-11,17914.036563,17828.700264,17871.3684135,85.33629900000233,HIGH,2022-01-11 02:00:00,17920.622922,6.586358999997174,True,2022-01-11 02:10:00,0.16666666666666666,2022
2022-01-11,2022-01-11 19:00:00,2022-01-12,18210.422705,18105.040965,18157.731835,105.38174000000072,LOW,2022-01-12 02:00:00,18055.21373,49.827235000000655,True,2022-01-12 02:05:00,0.08333333333333333,2022
2022-01-12,2022-01-12 19:00:00,2022-01-13,18208.704524,18121.077317,18164.8909205,87.62720700000136,HIGH,2022-01-13 02:00:00,18234.190868,25.486344000000827,False,,,2022
2022-01-13,2022-01-13 19:00:00,2022-01-14,17790.613928,17656.02312,17723.318524000002,134.5908079999972,HIGH,2022-01-14 02:00:00,17802.354829,11.740901000001031,True,2022-01-14 02:05:00,0.08333333333333333,2022
2022-01-16,2022-01-16 19:00:00,2022-01-17,17828.127537,17762.836677,17795.482107,65.29086000000098,HIGH,2022-01-17 02:00:00,17847.313886,28.349977999998373,True,2022-01-17 02:10:00,0.16666666666666666,2022
2022-01-17,2022-01-17 19:00:00,2022-01-18,17871.94114,17647.432218,17759.686679,224.50892199999726,LOW,2022-01-18 02:00:00,17593.309531,106.81355700000131,False,,,2022
2022-01-20,2022-01-20 19:00:00,2022-01-21,16887.996424,16726.201091,16807.0987575,161.79533300000185,HIGH,2022-01-21 02:00:00,16943.264564,55.26814000000013,True,2022-01-21 08:00:00,6.0,2022
2022-01-23,2022-01-23 19:00:00,2022-01-24,16703.005653,16637.142066,16670.0738595,65.86358699999982,LOW,2022-01-24 02:00:00,16587.887558,49.254508000001806,True,2022-01-24 02:15:00,0.25,2022
2022-01-24,2022-01-24 19:00:00,2022-01-25,16458.451291,16267.733253,16363.092272000002,190.7180380000009,LOW,2022-01-25 02:00:00,16227.642374,40.09087900000122,True,2022-01-25 02:15:00,0.25,2022
2022-01-25,2022-01-25 19:00:00,2022-01-26,16319.278668,16170.083326,16244.680997,149.1953420000009,HIGH,2022-01-26 02:00:00,16366.24227,90.49084199999743,False,,,2022
2022-01-27,2022-01-27 19:00:00,2022-01-28,16244.824179,16128.56063,16186.6924045,116.26354899999933,LOW,2022-01-28 02:00:00,16114.242459,79.6090320000003,True,2022-01-28 02:05:00,0.08333333333333333,2022
2022-01-30,2022-01-30 19:00:00,2022-01-31,16611.942085,16467.614921,16539.778503,144.32716399999845,HIGH,2022-01-31 02:00:00,16647.45115,35.50906500000201,True,2022-01-31 02:05:00,0.08333333333333333,2022
2022-01-31,2022-01-31 19:00:00,2022-02-01,17062.964474,16973.332723,17018.1485985,89.6317510000008,HIGH,2022-02-01 02:00:00,17087.878092,78.74994099999822,True,2022-02-01 03:00:00,1.0,2022
2022-02-02,2022-02-02 19:00:00,2022-02-03,16951.569103,16897.160053,16924.364578,54.409050000002026,HIGH,2022-02-03 02:00:00,17032.896315,81.32721200000015,True,2022-02-03 04:00:00,2.0,2022
2022-02-06,2022-02-06 19:00:00,2022-02-07,16856.782811,16724.196547,16790.489679,132.5862640000014,HIGH,2022-02-07 02:00:00,16872.819162,16.03635099999883,True,2022-02-07 02:15:00,0.25,2022
2022-02-08,2022-02-08 19:00:00,2022-02-09,16975.623631,16890.573694,16933.0986625,85.04993699999977,HIGH,2022-02-09 02:00:00,17026.882683,51.25905200000125,True,2022-02-09 02:05:00,0.08333333333333333,2022
2022-02-09,2022-02-09 19:00:00,2022-02-10,17213.591634,17145.150776,17179.371205,68.44085800000175,HIGH,2022-02-10 02:00:00,17227.623442,14.031807999999728,True,2022-02-10 02:15:00,0.25,2022
2022-02-13,2022-02-13 19:00:00,2022-02-14,16377.696806,16271.74234,16324.719573,105.95446599999923,LOW,2022-02-14 02:00:00,16117.67882,154.06352000000152,True,2022-02-14 02:05:00,0.08333333333333333,2022
2022-02-14,2022-02-14 19:00:00,2022-02-15,16417.787685,16292.074143,16354.930914,125.7135419999995,HIGH,2022-02-15 02:00:00,16450.719479,183.55895400000009,False,,,2022
2022-02-15,2022-02-15 19:00:00,2022-02-16,16709.019285,16663.201138,16686.1102115,45.818146999998135,HIGH,2022-02-16 02:00:00,16721.905639,88.19993400000021,True,2022-02-16 02:05:00,0.08333333333333333,2022
2022-02-21,2022-02-21 19:00:00,2022-02-22,15747.410916,15622.2701,15684.840508000001,125.140816000001,LOW,2022-02-22 02:00:00,15593.633758,28.636341999999786,True,2022-02-22 02:10:00,0.16666666666666666,2022
2022-02-22,2022-02-22 19:00:00,2022-02-23,16022.606164,15935.838047,15979.2221055,86.76811700000144,HIGH,2022-02-23 02:00:00,16044.369784,44.95905700000003,True,2022-02-23 08:00:00,6.0,2022
2022-02-23,2022-02-23 19:00:00,2022-02-24,15425.53843,15010.025105,15217.7817675,415.5133249999999,LOW,2022-02-24 02:00:00,14979.670582,30.354522999999972,True,2022-02-24 08:00:00,6.0,2022
2022-02-24,2022-02-24 19:00:00,2022-02-25,15943.856223,15814.992683,15879.424453,128.86354000000028,LOW,2022-02-25 02:00:00,15761.729087,53.26359600000069,True,2022-02-25 03:00:00,1.0,2022
2022-02-27,2022-02-27 19:00:00,2022-02-28,15983.947102,15755.715455,15869.8312785,228.23164700000052,HIGH,2022-02-28 02:00:00,16052.38796,72.16358199999922,False,,,2022
2022-02-28,2022-02-28 19:00:00,2022-03-01,16331.019569,16234.801459,16282.910514,96.2181099999998,LOW,2022-03-01 02:00:00,16229.360554,5.440904999999475,True,2022-03-01 02:15:00,0.25,2022
2022-03-01,2022-03-01 19:00:00,2022-03-02,16145.169708,16004.565268,16074.867488,140.60443999999916,LOW,2022-03-02 02:00:00,16000.269817,35.50906399999985,True,2022-03-02 02:15:00,0.25,2022
2022-03-02,2022-03-02 19:00:00,2022-03-03,16327.869571,16244.537815,16286.203693,83.33175599999959,LOW,2022-03-03 02:00:00,16229.646917,14.890897999999652,True,2022-03-03 02:05:00,0.08333333333333333,2022
2022-03-03,2022-03-03 19:00:00,2022-03-04,16027.760705,15744.547281,15886.153993,283.2134240000014,HIGH,2022-03-04 02:00:00,16105.365193,77.60448799999904,True,2022-03-04 08:00:00,6.0,2022
2022-03-08,2022-03-08 19:00:00,2022-03-09,15296.102163,15145.18864,15220.6454015,150.91352299999926,HIGH,2022-03-09 02:00:00,15381.152099,115.97718600000007,False,,,2022
2022-03-09,2022-03-09 19:00:00,2022-03-10,15766.024538,15656.920074,15711.472306,109.10446400000001,LOW,2022-03-10 02:00:00,15647.183718,92.20902099999876,False,,,2022
2022-03-10,2022-03-10 19:00:00,2022-03-11,15577.597407,15410.933895,15494.265651,166.66351199999917,HIGH,2022-03-11 02:00:00,15593.920122,16.322715000000244,False,,,2022
2022-03-14,2022-03-14 19:00:00,2022-03-15,15055.270526,14949.029696,15002.150110999999,106.24083000000064,LOW,2022-03-15 02:00:00,14915.525176,108.24537299999974,True,2022-03-15 05:00:00,3.0,2022
2022-03-15,2022-03-15 19:00:00,2022-03-16,15572.442865,15368.838472,15470.6406685,203.60439300000144,HIGH,2022-03-16 02:00:00,15608.81102,36.368154999998296,False,,,2022
2022-03-16,2022-03-16 19:00:00,2022-03-17,16030.051613,15921.806239,15975.928926,108.24537400000008,HIGH,2022-03-17 02:00:00,16061.837952,31.786339000000225,True,2022-03-17 02:30:00,0.5,2022
2022-03-21,2022-03-21 19:00:00,2022-03-22,16434.683127,16372.542265,16403.612696,62.1408620000002,HIGH,2022-03-22 02:00:00,16486.228543,51.54541600000084,False,,,2022
2022-03-23,2022-03-23 19:00:00,2022-03-24,16660.337504,16549.801223,16605.0693635,110.5362810000006,HIGH,2022-03-24 02:00:00,16664.060228,3.722723999999289,True,2022-03-24 08:00:00,6.0,2022
2022-03-27,2022-03-27 19:00:00,2022-03-28,16870.528255,16797.505582,16834.0169185,73.02267299999949,HIGH,2022-03-28 02:00:00,16882.269155,11.740900000000693,True,2022-03-28 03:00:00,1.0,2022
2022-03-28,2022-03-28 19:00:00,2022-03-29,17213.018907,17131.978059,17172.498483000003,81.04084800000055,HIGH,2022-03-29 02:00:00,17228.482532,15.46362500000032,True,2022-03-29 02:05:00,0.08333333333333333,2022
2022-03-29,2022-03-29 19:00:00,2022-03-30,17482.200523,17413.759666,17447.980094500002,68.44085699999778,LOW,2022-03-30 02:00:00,17397.436951,37.22724500000186,False,,,2022
2022-03-30,2022-03-30 19:00:00,2022-03-31,17373.382423,17296.350663,17334.866543,77.03175999999803,HIGH,2022-03-31 02:00:00,17388.846048,15.46362500000032,True,2022-03-31 03:00:00,1.0,2022
2022-03-31,2022-03-31 19:00:00,2022-04-01,17111.646256,17039.19631,17075.421283,72.44994600000064,HIGH,2022-04-01 02:00:00,17127.682608,16.03635199999917,True,2022-04-01 04:00:00,2.0,2022
2022-04-04,2022-04-04 19:00:00,2022-04-05,17370.518789,17347.323352,17358.9210705,23.19543700000213,HIGH,2022-04-05 02:00:00,17397.723314,38.08633499999996,True,2022-04-05 02:05:00,0.08333333333333333,2022
2022-04-05,2022-04-05 19:00:00,2022-04-06,17003.400883,16922.360034,16962.8804585,81.04084899999725,LOW,2022-04-06 02:00:00,16874.250979,48.10905500000081,True,2022-04-06 02:30:00,0.5,2022
2022-04-06,2022-04-06 19:00:00,2022-04-07,16606.787544,16533.192144,16569.989844,73.59539999999834,HIGH,2022-04-07 02:00:00,16659.764777,78.74994100000185,True,2022-04-07 08:00:00,6.0,2022
2022-04-07,2022-04-07 19:00:00,2022-04-08,16696.419295,16629.410254,16662.9147745,67.00904100000116,HIGH,2022-04-08 02:00:00,16751.687435,55.26814000000013,True,2022-04-08 05:00:00,3.0,2022
2022-04-10,2022-04-10 19:00:00,2022-04-11,16394.878612,16261.433257,16328.1559345,133.44535499999984,LOW,2022-04-11 02:00:00,16253.128718,8.30453900000066,True,2022-04-11 02:05:00,0.08333333333333333,2022
2022-04-18,2022-04-18 19:00:00,2022-04-19,16058.115228,15960.178938,16009.147083,97.93629000000146,LOW,2022-04-19 02:00:00,15927.533508,32.64542999999867,True,2022-04-19 02:05:00,0.08333333333333333,2022
2022-04-19,2022-04-19 19:00:00,2022-04-20,16180.106046,16084.747026,16132.426535999999,95.35902000000169,HIGH,2022-04-20 02:00:00,16188.410585,16.03635099999883,True,2022-04-20 02:05:00,0.08333333333333333,2022
2022-04-20,2022-04-20 19:00:00,2022-04-21,16188.983312,16123.119725,16156.0515185,65.86358699999982,LOW,2022-04-21 02:00:00,16117.106093,6.013632000000143,True,2022-04-21 02:10:00,0.16666666666666666,2022
2022-04-21,2022-04-21 19:00:00,2022-04-22,15738.247286,15592.201941,15665.224613499999,146.04534500000045,HIGH,2022-04-22 02:00:00,15762.01545,23.76816400000098,True,2022-04-22 02:15:00,0.25,2022
2022-04-24,2022-04-24 19:00:00,2022-04-25,15280.924902,15160.652265,15220.788583500002,120.27263700000003,LOW,2022-04-25 02:00:00,15119.988659,40.66360600000007,True,2022-04-25 02:15:00,0.25,2022
2022-04-25,2022-04-25 19:00:00,2022-04-26,15559.556511,15472.502031,15516.029271,87.0544800000007,LOW,2022-04-26 02:00:00,15416.947527,86.48175300000003,False,,,2022
2022-04-26,2022-04-26 19:00:00,2022-04-27,14983.106943,14835.057054,14909.081998500002,148.0498889999999,HIGH,2022-04-27 02:00:00,15052.120528,69.01358499999878,True,2022-04-27 02:15:00,0.25,2022
2022-04-27,2022-04-27 19:00:00,2022-04-28,15129.152288,15042.956899,15086.054593500001,86.19538899999861,HIGH,2022-04-28 02:00:00,15205.038595,143.75443799999994,True,2022-04-28 07:00:00,5.0,2022
2022-05-01,2022-05-01 19:00:00,2022-05-02,14857.679765,14708.198059,14782.938912000001,149.4817060000005,HIGH,2022-05-02 02:00:00,14868.275211,10.595445999999356,True,2022-05-02 02:45:00,0.75,2022
2022-05-02,2022-05-02 19:00:00,2022-05-03,15087.343229,14943.302428,15015.3228285,144.0408009999992,LOW,2022-05-03 02:00:00,14942.156974,1.1454540000013367,True,2022-05-03 03:00:00,1.0,2022
2022-05-03,2022-05-03 19:00:00,2022-05-04,15057.561433,14991.697846,15024.629639499999,65.86358700000164,LOW,2022-05-04 02:00:00,14982.82058,8.877265999999508,True,2022-05-04 02:10:00,0.16666666666666666,2022
2022-05-04,2022-05-04 19:00:00,2022-05-05,15518.606542,15467.061126,15492.833834000001,51.54541599999902,LOW,2022-05-05 02:00:00,15404.6339,93.35447600000043,False,,,2022
2022-05-05,2022-05-05 19:00:00,2022-05-06,14764.325289,14640.902655,14702.613972,123.42263400000047,LOW,2022-05-06 02:00:00,14602.243593,38.65906200000063,True,2022-05-06 03:00:00,1.0,2022
2022-05-08,2022-05-08 19:00:00,2022-05-09,14437.584625,14328.480162,14383.0323935,109.10446299999967,HIGH,2022-05-09 02:00:00,14460.207336,22.62271099999998,True,2022-05-09 02:15:00,0.25,2022
2022-05-09,2022-05-09 19:00:00,2022-05-10,14164.680285,13862.566875,14013.62358,302.11340999999993,HIGH,2022-05-10 02:00:00,14205.34389,43.240875999999844,False,,,2022
2022-05-11,2022-05-11 19:00:00,2022-05-12,13828.203264,13633.189774,13730.696519000001,195.01348999999936,LOW,2022-05-12 02:00:00,13582.503449,65.29086000000098,False,,,2022
2022-05-12,2022-05-12 19:00:00,2022-05-13,13914.685018,13753.176048,13833.930532999999,161.50897000000077,HIGH,2022-05-13 02:00:00,13951.912262,37.2272439999997,True,2022-05-13 02:05:00,0.08333333333333333,2022
2022-05-15,2022-05-15 19:00:00,2022-05-16,14285.812012,14016.057669,14150.9348405,269.7543430000005,LOW,2022-05-16 02:00:00,14009.184947,6.872722000000067,True,2022-05-16 04:00:00,2.0,2022
2022-05-16,2022-05-16 19:00:00,2022-05-17,14144.921208,14034.671291,14089.7962495,110.24991699999919,HIGH,2022-05-17 02:00:00,14205.34389,60.42268200000035,False,,,2022
2022-05-17,2022-05-17 19:00:00,2022-05-18,14402.075561,14287.243829,14344.659694999998,114.83173200000056,LOW,2022-05-18 02:00:00,14286.098375,1.1454539999995177,True,2022-05-18 05:00:00,3.0,2022
2022-05-18,2022-05-18 19:00:00,2022-05-19,13692.180639,13524.658037,13608.419338,167.52260200000092,LOW,2022-05-19 02:00:00,13454.785362,69.87267499999871,True,2022-05-19 02:05:00,0.08333333333333333,2022
2022-05-19,2022-05-19 19:00:00,2022-05-20,13774.653304,13670.130656,13722.39198,104.52264800000012,HIGH,2022-05-20 02:00:00,13820.471452,45.81814800000029,True,2022-05-20 02:05:00,0.08333333333333333,2022
2022-05-22,2022-05-22 19:00:00,2022-05-23,13772.64876,13662.97157,13717.810164999999,109.67719000000034,HIGH,2022-05-23 02:00:00,13787.253295,14.604535000000396,True,2022-05-23 02:10:00,0.16666666666666666,2022
2022-05-23,2022-05-23 19:00:00,2022-05-24,13628.607959,13517.212588,13572.910273500001,111.39537100000052,LOW,2022-05-24 02:00:00,13465.667173,51.5454150000005,True,2022-05-24 06:00:00,4.0,2022
2022-05-30,2022-05-30 19:00:00,2022-05-31,14687.866256,14519.770927,14603.8185915,168.09532899999977,LOW,2022-05-31 02:00:00,14502.016395,50.97268900000017,True,2022-05-31 03:00:00,1.0,2022
2022-06-01,2022-06-01 19:00:00,2022-06-02,14421.548274,14311.298356,14366.423315,110.24991800000134,HIGH,2022-06-02 02:00:00,14429.280086,46.3908739999988,True,2022-06-02 08:00:00,6.0,2022
2022-06-02,2022-06-02 19:00:00,2022-06-03,14806.993439,14759.743475,14783.368457,47.249964000000546,LOW,2022-06-03 02:00:00,14717.075325,72.73630999999841,False,,,2022
2022-06-05,2022-06-05 19:00:00,2022-06-06,14489.989131,14353.680143,14421.834637,136.30898800000068,HIGH,2022-06-06 02:00:00,14512.611842,73.30903600000056,False,,,2022
2022-06-07,2022-06-07 19:00:00,2022-06-08,14560.14817,14475.384597,14517.7663835,84.76357300000018,LOW,2022-06-08 02:00:00,14460.493699,14.890897999999652,True,2022-06-08 03:00:00,1.0,2022
2022-06-09,2022-06-09 19:00:00,2022-06-10,14131.462128,14046.125828,14088.793978,85.33629999999903,LOW,2022-06-10 02:00:00,14043.262194,2.863633999999365,True,2022-06-10 02:05:00,0.08333333333333333,2022
2022-06-12,2022-06-12 19:00:00,2022-06-13,13365.153612,13252.89915,13309.026381,112.25446200000079,LOW,2022-06-13 02:00:00,13240.112577,35.642430999998396,False,,,2022
2022-06-13,2022-06-13 19:00:00,2022-06-14,13162.402661,12976.698818,13069.5507395,185.70384299999932,HIGH,2022-06-14 02:00:00,13163.831152,2.5712839999996504,True,2022-06-14 03:00:00,1.0,2022
2022-06-15,2022-06-15 19:00:00,2022-06-16,13455.529034,13220.685098,13338.107066,234.8439359999993,LOW,2022-06-16 02:00:00,13108.405698,280.2699529999991,False,,,2022
2022-06-20,2022-06-20 19:00:00,2022-06-21,13149.831939,13039.838125,13094.835031999999,109.99381399999947,HIGH,2022-06-21 02:00:00,13190.115388,40.28344900000047,True,2022-06-21 02:05:00,0.08333333333333333,2022
2022-06-21,2022-06-21 19:00:00,2022-06-22,13232.113027,13052.123148,13142.1180875,179.98987899999884,LOW,2022-06-22 02:00:00,13011.839699,100.28007500000058,True,2022-06-22 08:00:00,6.0,2022
2022-06-26,2022-06-26 19:00:00,2022-06-27,13976.928284,13796.36701,13886.647647,180.56127399999968,HIGH,2022-06-27 02:00:00,14004.92671,27.99842600000011,True,2022-06-27 07:00:00,5.0,2022
2022-06-27,2022-06-27 19:00:00,2022-06-28,13822.936944,13680.373533,13751.6552385,142.56341099999918,HIGH,2022-06-28 02:00:00,13852.649559,77.70991600000161,False,,,2022
2022-06-28,2022-06-28 19:00:00,2022-06-29,13397.532295,13322.393664,13359.9629795,75.13863100000162,LOW,2022-06-29 02:00:00,13287.538481,34.85518299999967,True,2022-06-29 03:00:00,1.0,2022
2022-06-29,2022-06-29 19:00:00,2022-06-30,13357.248847,13228.39895,13292.8238985,128.84989700000006,LOW,2022-06-30 02:00:00,13154.117413,96.56599800000004,False,,,2022
2022-07-04,2022-07-04 19:00:00,2022-07-05,13390.675538,13313.251321,13351.9634295,77.42421699999977,LOW,2022-07-05 02:00:00,13292.681049,20.570271999999022,False,,,2022
2022-07-10,2022-07-10 19:00:00,2022-07-11,13854.935145,13737.513176,13796.2241605,117.42196899999908,LOW,2022-07-11 02:00:00,13718.085698,19.42747799999961,True,2022-07-11 03:00:00,1.0,2022
2022-07-11,2022-07-11 19:00:00,2022-07-12,13609.806072,13471.813832,13540.809952,137.99223999999958,LOW,2022-07-12 02:00:00,13470.67104,34.56948399999965,True,2022-07-12 05:00:00,3.0,2022
2022-07-12,2022-07-12 19:00:00,2022-07-13,13506.669015,13449.81507,13478.2420425,56.85394499999893,HIGH,2022-07-13 02:00:00,13526.096494,19.42747899999995,True,2022-07-13 02:45:00,0.75,2022
2022-07-14,2022-07-14 19:00:00,2022-07-15,13562.665866,13488.384329,13525.5250975,74.28153699999893,LOW,2022-07-15 02:00:00,13458.100318,44.85462000000007,True,2022-07-15 03:00:00,1.0,2022
2022-07-17,2022-07-17 19:00:00,2022-07-18,13851.792464,13745.512727,13798.6525955,106.27973700000075,HIGH,2022-07-18 02:00:00,13858.077825,55.99685099999988,False,,,2022
2022-07-18,2022-07-18 19:00:00,2022-07-19,13660.946054,13607.234788,13634.090421,53.71126600000025,LOW,2022-07-19 02:00:00,13587.235913,19.998874999999316,True,2022-07-19 02:30:00,0.5,2022
2022-07-19,2022-07-19 19:00:00,2022-07-20,14123.205772,14054.352502,14088.779137,68.85326999999961,LOW,2022-07-20 02:00:00,14028.92536,25.427142000000458,True,2022-07-20 02:05:00,0.08333333333333333,2022
2022-07-21,2022-07-21 19:00:00,2022-07-22,14364.906466,14311.480899,14338.193682500001,53.42556700000023,HIGH,2022-07-22 02:00:00,14371.763223,6.856756999999561,True,2022-07-22 02:05:00,0.08333333333333333,2022
2022-07-25,2022-07-25 19:00:00,2022-07-26,14079.208247,14030.068153,14054.638200000001,49.14009400000032,HIGH,2022-07-26 02:00:00,14080.922436,13.999211999998806,True,2022-07-26 03:00:00,1.0,2022
2022-07-26,2022-07-26 19:00:00,2022-07-27,14061.780655,14007.497994,14034.6393245,54.2826610000011,HIGH,2022-07-27 02:00:00,14072.922886,11.14223099999981,True,2022-07-27 02:05:00,0.08333333333333333,2022
2022-07-27,2022-07-27 19:00:00,2022-07-28,14383.762548,14344.336194,14364.049371000001,39.42635400000108,LOW,2022-07-28 02:00:00,14339.765023,27.427029000000402,True,2022-07-28 02:15:00,0.25,2022
2022-07-28,2022-07-28 19:00:00,2022-07-29,14770.597937,14718.600861,14744.599399,51.99707599999965,HIGH,2022-07-29 02:00:00,14787.739831,17.14189400000032,True,2022-07-29 02:30:00,0.5,2022
2022-07-31,2022-07-31 19:00:00,2022-08-01,14784.025754,14745.456494,14764.741124,38.56926000000021,HIGH,2022-08-01 02:00:00,14784.882848,34.56948399999965,True,2022-08-01 03:00:00,1.0,2022
2022-08-01,2022-08-01 19:00:00,2022-08-02,14806.024517,14723.457731,14764.741124,82.56678599999941,LOW,2022-08-02 02:00:00,14677.746016,45.71171500000128,True,2022-08-02 08:00:00,6.0,2022
2022-08-03,2022-08-03 19:00:00,2022-08-04,15167.147066,15116.007085,15141.5770755,51.13998100000026,HIGH,2022-08-04 02:00:00,15168.861255,1.7141890000002604,True,2022-08-04 02:05:00,0.08333333333333333,2022
2022-08-07,2022-08-07 19:00:00,2022-08-08,15159.147516,15057.724648,15108.436082,101.42286800000147,HIGH,2022-08-08 02:00:00,15193.431302,43.711826999999175,False,,,2022
2022-08-09,2022-08-09 19:00:00,2022-08-10,14919.732408,14856.307403,14888.019905500001,63.425004999999146,LOW,2022-08-10 02:00:00,14851.164835,20.57027200000084,True,2022-08-10 02:30:00,0.5,2022
2022-08-10,2022-08-10 19:00:00,2022-08-11,15379.420843,15311.424667,15345.422755,67.99617600000056,HIGH,2022-08-11 02:00:00,15393.705754,16.856195000000298,True,2022-08-11 03:00:00,1.0,2022
2022-08-11,2022-08-11 19:00:00,2022-08-12,15266.855744,15212.858781,15239.857262500002,53.996962999999596,HIGH,2022-08-12 02:00:00,15318.281424,51.425680000000284,True,2022-08-12 02:15:00,0.25,2022
2022-08-14,2022-08-14 19:00:00,2022-08-15,15496.557113,15461.130533,15478.843823,35.426580000001195,LOW,2022-08-15 02:00:00,15429.418031,31.712502000000313,True,2022-08-15 02:05:00,0.08333333333333333,2022
2022-08-15,2022-08-15 19:00:00,2022-08-16,15635.406447,15594.551602,15614.9790245,40.85484499999984,LOW,2022-08-16 02:00:00,15583.695069,22.284460999999283,True,2022-08-16 03:00:00,1.0,2022
2022-08-16,2022-08-16 19:00:00,2022-08-17,15624.264217,15585.123561,15604.693889,39.14065599999958,LOW,2022-08-17 02:00:00,15576.266916,45.426016999999774,False,,,2022
2022-08-17,2022-08-17 19:00:00,2022-08-18,15408.562061,15357.707778,15383.1349195,50.85428300000058,LOW,2022-08-18 02:00:00,15333.709128,31.998201000000336,True,2022-08-18 03:00:00,1.0,2022
2022-08-18,2022-08-18 19:00:00,2022-08-19,15464.84461,15391.705866,15428.275238,73.13874399999986,LOW,2022-08-19 02:00:00,15341.994376,49.711489999999685,False,,,2022
2022-08-21,2022-08-21 19:00:00,2022-08-22,15110.864517,15059.153139,15085.008828,51.71137799999997,LOW,2022-08-22 02:00:00,15037.440074,95.99460200000067,False,,,2022
2022-08-22,2022-08-22 19:00:00,2022-08-23,14807.738706,14715.458181,14761.5984435,92.28052500000013,LOW,2022-08-23 02:00:00,14684.888472,30.56970899999942,True,2022-08-23 02:15:00,0.25,2022
2022-08-23,2022-08-23 19:00:00,2022-08-24,14747.456382,14663.461105,14705.4587435,83.99527699999999,LOW,2022-08-24 02:00:00,14657.175744,6.285361000000194,True,2022-08-24 02:15:00,0.25,2022
2022-08-24,2022-08-24 19:00:00,2022-08-25,14850.307741,14770.597937,14810.452839000001,79.70980400000008,HIGH,2022-08-25 02:00:00,14940.016981,89.70924000000014,False,,,2022
2022-08-25,2022-08-25 19:00:00,2022-08-26,15038.011471,14988.585679,15013.298575,49.425792,LOW,2022-08-26 02:00:00,14976.300655,12.285024000000703,True,2022-08-26 02:15:00,0.25,2022
2022-08-28,2022-08-28 19:00:00,2022-08-29,14276.05432,14172.345866,14224.200093,103.70845399999962,HIGH,2022-08-29 02:00:00,14323.765922,47.71160200000122,True,2022-08-29 02:15:00,0.25,2022
2022-08-29,2022-08-29 19:00:00,2022-08-30,14359.4782,14266.054882,14312.766541,93.4233179999992,HIGH,2022-08-30 02:00:00,14420.331921,60.853721000001315,True,2022-08-30 08:00:00,6.0,2022
2022-09-01,2022-09-01 19:00:00,2022-09-02,14071.494395,14005.498106,14038.4962505,65.99628900000062,HIGH,2022-09-02 02:00:00,14073.208584,1.7141890000002604,True,2022-09-02 02:05:00,0.08333333333333333,2022
2022-09-04,2022-09-04 19:00:00,2022-09-05,13884.362061,13802.65237,13843.5072155,81.70969100000002,LOW,2022-09-05 02:00:00,13791.224442,11.427927999999156,True,2022-09-05 02:05:00,0.08333333333333333,2022
2022-09-05,2022-09-05 19:00:00,2022-09-06,13980.928059,13864.363186,13922.6456225,116.56487299999935,HIGH,2022-09-06 02:00:00,13992.927384,11.999325000000681,True,2022-09-06 03:00:00,1.0,2022
2022-09-06,2022-09-06 19:00:00,2022-09-07,13730.370721,13623.805285,13677.088003,106.56543599999895,HIGH,2022-09-07 02:00:00,13741.227253,39.1406560000014,False,,,2022
2022-09-07,2022-09-07 19:00:00,2022-09-08,14050.638425,13998.927047,14024.782736,51.71137799999997,LOW,2022-09-08 02:00:00,13978.071077,20.855969999998706,True,2022-09-08 02:15:00,0.25,2022
2022-09-08,2022-09-08 19:00:00,2022-09-09,14187.77357,14108.635163,14148.2043665,79.13840699999855,HIGH,2022-09-09 02:00:00,14216.057694,45.71171500000128,False,,,2022
2022-09-11,2022-09-11 19:00:00,2022-09-12,14435.188228,14368.620543,14401.904385500002,66.56768499999998,HIGH,2022-09-12 02:00:00,14444.524677,42.846473999999944,False,,,2022
2022-09-12,2022-09-12 19:00:00,2022-09-13,14602.135388,14558.969932,14580.552660000001,43.16545600000063,HIGH,2022-09-13 02:00:00,14636.497363,43.16545599999881,True,2022-09-13 07:00:00,5.0,2022
2022-09-13,2022-09-13 19:00:00,2022-09-14,13808.402168,13732.86262,13770.632394,75.53954800000065,HIGH,2022-09-14 02:00:00,13843.048126,34.645957999999155,True,2022-09-14 02:15:00,0.25,2022
2022-09-15,2022-09-15 19:00:00,2022-09-16,13557.360964,13509.083809,13533.2223865,48.277154999999766,LOW,2022-09-16 02:00:00,13498.576429,17.60696199999984,True,2022-09-16 05:00:00,3.0,2022
2022-09-18,2022-09-18 19:00:00,2022-09-19,13574.683943,13467.33827,13521.0111065,107.3456729999998,LOW,2022-09-19 02:00:00,13421.332981,46.00528900000063,True,2022-09-19 08:00:00,6.0,2022
2022-09-19,2022-09-19 19:00:00,2022-09-20,13736.27042,13668.39842,13702.33442,67.87200000000121,LOW,2022-09-20 02:00:00,13636.592294,31.806125999999495,True,2022-09-20 02:05:00,0.08333333333333333,2022
2022-09-20,2022-09-20 19:00:00,2022-09-21,13578.091742,13522.998989,13550.5453655,55.09275300000081,LOW,2022-09-21 02:00:00,13492.328797,49.12910399999964,True,2022-09-21 02:15:00,0.25,2022
2022-09-21,2022-09-21 19:00:00,2022-09-22,13228.508346,13120.026739,13174.267542500002,108.48160699999971,HIGH,2022-09-22 02:00:00,13318.53104,90.02269399999932,True,2022-09-22 08:00:00,6.0,2022
2022-09-22,2022-09-22 19:00:00,2022-09-23,13177.107375,13063.230087,13120.168731,113.87728799999968,LOW,2022-09-23 02:00:00,13046.759058,16.47102900000027,False,,,2022
2022-09-25,2022-09-25 19:00:00,2022-09-26,12926.350154,12794.865904,12860.608028999999,131.48424999999952,HIGH,2022-09-26 02:00:00,12974.343326,47.99317200000041,True,2022-09-26 02:05:00,0.08333333333333333,2022
2022-09-26,2022-09-26 19:00:00,2022-09-27,12975.195275,12889.716313,12932.455794000001,85.47896199999923,HIGH,2022-09-27 02:00:00,13076.009334,100.81405900000027,False,,,2022
2022-09-27,2022-09-27 19:00:00,2022-09-28,12941.117284,12704.275243,12822.6962635,236.84204099999988,LOW,2022-09-28 02:00:00,12686.384297,17.89094599999953,True,2022-09-28 05:00:00,3.0,2022
2022-09-28,2022-09-28 19:00:00,2022-09-29,13139.621585,13044.203208,13091.9123965,95.41837699999996,LOW,2022-09-29 02:00:00,12904.19946,140.003748000001,False,,,2022
2022-09-29,2022-09-29 19:00:00,2022-09-30,12803.953368,12699.731511,12751.8424395,104.22185700000045,HIGH,2022-09-30 02:00:00,12834.907544,90.02269399999932,True,2022-09-30 06:00:00,4.0,2022
2022-10-03,2022-10-03 19:00:00,2022-10-04,12990.814355,12875.801133,12933.307744000002,115.01322199999959,HIGH,2022-10-04 02:00:00,13020.064631,67.87199999999939,False,,,2022
2022-10-04,2022-10-04 19:00:00,2022-10-05,13201.245953,13135.077852,13168.1619025,66.1681009999993,LOW,2022-10-05 02:00:00,13129.114204,12.211279999999533,True,2022-10-05 02:30:00,0.5,2022
2022-10-05,2022-10-05 19:00:00,2022-10-06,13324.210705,13254.066839,13289.138771999998,70.14386600000034,LOW,2022-10-06 02:00:00,13196.134254,70.4278489999997,True,2022-10-06 08:00:00,6.0,2022
2022-10-06,2022-10-06 19:00:00,2022-10-07,13136.497769,13058.402371,13097.450069999999,78.09539799999948,LOW,2022-10-07 02:00:00,13030.855995,27.546376000000237,True,2022-10-07 07:00:00,5.0,2022
2022-10-09,2022-10-09 19:00:00,2022-10-10,12588.410072,12510.882641,12549.646356500001,77.52743100000043,HIGH,2022-10-10 02:00:00,12599.485419,11.075346999999965,True,2022-10-10 02:05:00,0.08333333333333333,2022
2022-10-10,2022-10-10 19:00:00,2022-10-11,12528.489603,12396.721369,12462.605486,131.7682339999992,LOW,2022-10-11 02:00:00,12328.565386,68.15598300000056,True,2022-10-11 07:00:00,5.0,2022
2022-10-11,2022-10-11 19:00:00,2022-10-12,12423.983762,12308.970541,12366.4771515,115.01322099999925,HIGH,2022-10-12 02:00:00,12436.763009,12.779247000000396,True,2022-10-12 02:30:00,0.5,2022
2022-10-12,2022-10-12 19:00:00,2022-10-13,12357.247696,12296.475277,12326.8614865,60.77241900000081,LOW,2022-10-13 02:00:00,12271.768734,24.706543000000238,True,2022-10-13 02:15:00,0.25,2022
2022-10-16,2022-10-16 19:00:00,2022-10-17,12325.157587,12224.911495,12275.034541,100.24609199999941,HIGH,2022-10-17 02:00:00,12370.026943,58.21656900000016,False,,,2022
2022-10-18,2022-10-18 19:00:00,2022-10-19,12924.078288,12810.768966,12867.423627,113.30932200000098,LOW,2022-10-19 02:00:00,12724.722038,86.04692799999975,False,,,2022
2022-10-20,2022-10-20 19:00:00,2022-10-21,12565.975394,12475.384733,12520.6800635,90.59066099999836,HIGH,2022-10-21 02:00:00,12593.237787,27.262393000000884,True,2022-10-21 02:05:00,0.08333333333333333,2022
2022-10-23,2022-10-23 19:00:00,2022-10-24,13035.115744,12902.49556,12968.805652,132.62018400000125,LOW,2022-10-24 02:00:00,12835.191527,67.30403299999853,True,2022-10-24 02:05:00,0.08333333333333333,2022
2022-10-24,2022-10-24 19:00:00,2022-10-25,13067.489836,12983.998757,13025.744296500001,83.49107900000126,HIGH,2022-10-25 02:00:00,13076.5773,10.22339699999975,True,2022-10-25 04:00:00,2.0,2022
2022-10-25,2022-10-25 19:00:00,2022-10-26,13071.181618,12990.814355,13030.9979865,80.3672630000001,HIGH,2022-10-26 02:00:00,13081.121032,38.33774099999937,True,2022-10-26 08:00:00,6.0,2022
2022-10-26,2022-10-26 19:00:00,2022-10-27,13105.827576,13019.496664,13062.66212,86.33091199999944,LOW,2022-10-27 02:00:00,12997.629953,31.522141999999803,False,,,2022
2022-10-27,2022-10-27 19:00:00,2022-10-28,12709.954908,12611.980682,12660.967795,97.97422600000027,LOW,2022-10-28 02:00:00,12594.941687,46.289270999999644,True,2022-10-28 06:00:00,4.0,2022
2022-10-31,2022-10-31 19:00:00,2022-11-01,13091.628413,13021.484547,13056.55648,70.14386600000034,HIGH,2022-11-01 02:00:00,13117.47089,27.546376999998756,False,,,2022
2022-11-03,2022-11-03 19:00:00,2022-11-04,12260.409403,12166.410943,12213.410173,93.99845999999889,HIGH,2022-11-04 02:00:00,12295.055361,34.645958000000974,True,2022-11-04 02:45:00,0.75,2022
2022-11-06,2022-11-06 19:00:00,2022-11-07,12372.582792,12251.037955,12311.8103735,121.54483699999946,HIGH,2022-11-07 02:00:00,12421.14393,48.56113800000094,True,2022-11-07 02:10:00,0.16666666666666666,2022
2022-11-07,2022-11-07 19:00:00,2022-11-08,12558.023862,12476.236683,12517.130272499999,81.78717900000083,LOW,2022-11-08 02:00:00,12456.357854,32.37409200000002,True,2022-11-08 03:00:00,1.0,2022
2022-11-10,2022-11-10 19:00:00,2022-11-11,13341.817668,13199.826036,13270.821852000001,141.9916319999993,HIGH,2022-11-11 02:00:00,13378.167525,36.349857000001066,True,2022-11-11 06:00:00,4.0,2022
2022-11-14,2022-11-14 19:00:00,2022-11-15,13440.927826,13361.12853,13401.028178,79.79929599999923,HIGH,2022-11-15 02:00:00,13461.658605,27.262394000001223,False,,,2022
2022-11-15,2022-11-15 19:00:00,2022-11-16,13553.953165,13447.743425,13500.848295,106.20974000000024,HIGH,2022-11-16 02:00:00,13582.919458,31.23815899999863,True,2022-11-16 05:00:00,3.0,2022
2022-11-16,2022-11-16 19:00:00,2022-11-17,13408.553734,13338.977835,13373.7657845,69.57589899999948,HIGH,2022-11-17 02:00:00,13429.568496,26.69442700000036,True,2022-11-17 03:00:00,1.0,2022
2022-11-17,2022-11-17 19:00:00,2022-11-18,13346.929366,13273.377701,13310.1535335,73.55166500000087,LOW,2022-11-18 02:00:00,13258.894555,14.48314599999867,True,2022-11-18 02:45:00,0.75,2022
2022-11-20,2022-11-20 19:00:00,2022-11-21,13277.63745,13242.991492,13260.314471,34.645958000000974,LOW,2022-11-21 02:00:00,13231.916145,26.41044299999885,True,2022-11-21 02:15:00,0.25,2022
2022-11-21,2022-11-21 19:00:00,2022-11-22,13206.357651,13145.017267,13175.687459,61.340384000000995,LOW,2022-11-22 02:00:00,13137.633702,51.68495399999847,True,2022-11-22 03:00:00,1.0,2022
2022-11-22,2022-11-22 19:00:00,2022-11-23,13345.50945,13313.135358,13329.322403999999,32.37409200000002,HIGH,2022-11-23 02:00:00,13365.672262,20.162812000000486,False,,,2022
2022-11-23,2022-11-23 19:00:00,2022-11-24,13522.998989,13493.180747,13508.089868,29.818241999999373,LOW,2022-11-24 02:00:00,13488.069048,5.111699000000954,True,2022-11-24 02:30:00,0.5,2022
2022-11-24,2022-11-24 19:00:00,2022-11-25,13539.470019,13511.923642,13525.696830500001,27.546377000000575,LOW,2022-11-25 02:00:00,13507.37991,23.85459400000036,False,,,2022
2022-11-27,2022-11-27 19:00:00,2022-11-28,13296.096362,13241.571576,13268.833969,54.52478599999995,HIGH,2022-11-28 02:00:00,13308.875609,27.546377000000575,True,2022-11-28 03:00:00,1.0,2022
2022-11-28,2022-11-28 19:00:00,2022-11-29,13274.229651,13198.122137,13236.175894,76.10751399999936,HIGH,2022-11-29 02:00:00,13276.217534,21.298745000000054,True,2022-11-29 03:00:00,1.0,2022
2022-11-29,2022-11-29 19:00:00,2022-11-30,13116.902924,13086.232731,13101.5678275,30.670192999999927,HIGH,2022-11-30 02:00:00,13125.138438,29.250276000000667,True,2022-11-30 07:00:00,5.0,2022
2022-11-30,2022-11-30 19:00:00,2022-12-01,13724.911089,13661.866805,13693.388947,63.04428399999961,LOW,2022-12-01 02:00:00,13651.927391,9.939414000000397,True,2022-12-01 02:05:00,0.08333333333333333,2022
2022-12-01,2022-12-01 19:00:00,2022-12-02,13662.718755,13628.924746,13645.8217505,33.79400899999928,HIGH,2022-12-02 02:00:00,13671.806219,23.85459400000036,True,2022-12-02 07:00:00,5.0,2022
2022-12-04,2022-12-04 19:00:00,2022-12-05,13630.060679,13605.354136,13617.7074075,24.706543000000238,LOW,2022-12-05 02:00:00,13565.880462,39.473674000000756,True,2022-12-05 02:45:00,0.75,2022
2022-12-05,2022-12-05 19:00:00,2022-12-06,13453.991056,13390.662789,13422.3269225,63.32826700000078,LOW,2022-12-06 02:00:00,13382.995241,7.667547999999442,True,2022-12-06 02:05:00,0.08333333333333333,2022
2022-12-06,2022-12-06 19:00:00,2022-12-07,13172.27966,13124.854455,13148.5670575,47.42520499999955,LOW,2022-12-07 02:00:00,13109.803342,15.05111300000135,True,2022-12-07 08:00:00,6.0,2022
2022-12-07,2022-12-07 19:00:00,2022-12-08,13073.453484,12987.122572,13030.288027999999,86.33091199999944,HIGH,2022-12-08 02:00:00,13099.863928,36.63384100000076,False,,,2022
2022-12-08,2022-12-08 19:00:00,2022-12-09,13288.996781,13208.913501,13248.955141,80.08327999999892,HIGH,2022-12-09 02:00:00,13297.800262,8.80348100000083,True,2022-12-09 07:00:00,5.0,2022
2022-12-11,2022-12-11 19:00:00,2022-12-12,13135.645819,13089.072564,13112.3591915,46.573254999999335,HIGH,2022-12-12 02:00:00,13145.017267,17.322979000000487,True,2022-12-12 08:00:00,6.0,2022
2022-12-12,2022-12-12 19:00:00,2022-12-13,13323.074772,13268.266003,13295.6703875,54.8087689999993,HIGH,2022-12-13 02:00:00,13344.084442,21.00966999999946,False,,,2022
2022-12-13,2022-12-13 19:00:00,2022-12-14,13512.228117,13470.89514,13491.5616285,41.33297700000003,LOW,2022-12-14 02:00:00,13446.432766,24.462374000000636,True,2022-12-14 08:00:00,6.0,2022
2022-12-14,2022-12-14 19:00:00,2022-12-15,13381.762122,13312.030297,13346.896209499999,69.73182500000075,LOW,2022-12-15 02:00:00,13226.552576,130.18481799999972,False,,,2022
2022-12-15,2022-12-15 19:00:00,2022-12-16,12920.351136,12855.399315,12887.8752255,64.95182099999874,LOW,2022-12-16 02:00:00,12837.404006,116.68833600000107,True,2022-12-16 08:00:00,6.0,2022
2022-12-18,2022-12-18 19:00:00,2022-12-19,12803.100447,12745.459221,12774.279834,57.64122600000155,HIGH,2022-12-19 02:00:00,12828.125174,25.024726999999984,True,2022-12-19 07:00:00,5.0,2022
2022-12-20,2022-12-20 19:00:00,2022-12-21,12668.416801,12603.746157,12636.081479,64.67064399999981,LOW,2022-12-21 02:00:00,12595.592033,8.154123999998774,True,2022-12-21 02:45:00,0.75,2022
2022-12-21,2022-12-21 19:00:00,2022-12-22,12800.28868,12765.14159,12782.715134999999,35.14709000000039,LOW,2022-12-22 02:00:00,12762.892177,2.2494129999995494,True,2022-12-22 02:10:00,0.16666666666666666,2022
2022-12-27,2022-12-27 19:00:00,2022-12-28,12302.324721,12251.712913,12277.018817,50.611808000001474,HIGH,2022-12-28 02:00:00,12318.070617,18.27648599999884,True,2022-12-28 03:00:00,1.0,2022
2022-12-28,2022-12-28 19:00:00,2022-12-29,12163.423425,12126.589275,12145.00635,36.83415000000059,HIGH,2022-12-29 02:00:00,12167.359899,16.308248999999705,False,,,2022
2022-12-29,2022-12-29 19:00:00,2022-12-30,12405.516575,12337.190633,12371.353604,68.32594199999949,LOW,2022-12-30 02:00:00,12320.320031,25.305904000000737,True,2022-12-30 04:00:00,2.0,2022
2023-01-02,2023-01-02 19:00:00,2023-01-03,12444.881314,12317.78944,12381.335377,127.09187399999973,HIGH,2023-01-03 02:00:00,12487.901352,76.48006600000008,True,2023-01-03 08:00:00,6.0,2023
2023-01-03,2023-01-03 19:00:00,2023-01-04,12359.122417,12313.852966,12336.4876915,45.26945100000012,HIGH,2023-01-04 02:00:00,12379.648317,70.2941780000001,True,2023-01-04 08:00:00,6.0,2023
2023-01-04,2023-01-04 19:00:00,2023-01-05,12366.995365,12297.544717,12332.270041,69.450648,LOW,2023-01-05 02:00:00,12294.451773,3.0929439999999886,True,2023-01-05 02:05:00,0.08333333333333333,2023
2023-01-05,2023-01-05 19:00:00,2023-01-06,12243.277611,12195.47757,12219.3775905,47.80004100000042,LOW,2023-01-06 02:00:00,12159.205774,36.271795999999085,True,2023-01-06 07:00:00,5.0,2023
2023-01-08,2023-01-08 19:00:00,2023-01-09,12571.973189,12519.111967,12545.542578,52.86122199999954,LOW,2023-01-09 02:00:00,12507.021368,12.09059900000102,True,2023-01-09 03:00:00,1.0,2023
2023-01-09,2023-01-09 19:00:00,2023-01-10,12573.097896,12512.363726,12542.730811,60.73416999999972,HIGH,2023-01-10 02:00:00,12592.780265,19.682369000000108,True,2023-01-10 05:00:00,3.0,2023
2023-01-10,2023-01-10 19:00:00,2023-01-11,12705.813304,12671.228568,12688.520936,34.584735999998884,LOW,2023-01-11 02:00:00,12652.952082,25.024726999999984,True,2023-01-11 03:00:00,1.0,2023
2023-01-11,2023-01-11 19:00:00,2023-01-12,12925.97467,12891.108758,12908.541713999999,34.8659119999993,LOW,2023-01-12 02:00:00,12889.140521,12.09059900000102,True,2023-01-12 03:00:00,1.0,2023
2023-01-12,2023-01-12 19:00:00,2023-01-13,12965.33941,12902.07465,12933.707030000001,63.264760000000024,HIGH,2023-01-13 02:00:00,12965.620587,0.28117699999893375,True,2023-01-13 03:00:00,1.0,2023
2023-01-15,2023-01-15 19:00:00,2023-01-16,13090.181871,13028.041817,13059.111844,62.14005400000133,LOW,2023-01-16 02:00:00,13010.327684,57.64122599999973,True,2023-01-16 08:00:00,6.0,2023
2023-01-18,2023-01-18 19:00:00,2023-01-19,12907.417007,12873.956978,12890.6869925,33.46002899999985,LOW,2023-01-19 02:00:00,12866.08403,7.872948000000179,True,2023-01-19 02:05:00,0.08333333333333333,2023
2023-01-19,2023-01-19 19:00:00,2023-01-20,12832.342825,12809.005158,12820.6739915,23.337666999999783,LOW,2023-01-20 02:00:00,12799.163973,9.841184999999314,True,2023-01-20 02:15:00,0.25,2023
2023-01-22,2023-01-22 19:00:00,2023-01-23,13139.668972,13109.301887,13124.4854295,30.36708499999986,LOW,2023-01-23 02:00:00,13108.739534,0.562352999999348,True,2023-01-23 02:30:00,0.5,2023
2023-01-23,2023-01-23 19:00:00,2023-01-24,13434.342167,13397.789195,13416.065681,36.55297200000132,LOW,2023-01-24 02:00:00,13392.16566,5.62353499999881,True,2023-01-24 08:00:00,6.0,2023
2023-01-24,2023-01-24 19:00:00,2023-01-25,13315.123241,13269.572613,13292.347926999999,45.55062799999905,HIGH,2023-01-25 02:00:00,13334.805611,21.6506070000014,True,2023-01-25 03:00:00,1.0,2023
2023-01-25,2023-01-25 19:00:00,2023-01-26,13447.838649,13360.673868,13404.2562585,87.1647809999995,HIGH,2023-01-26 02:00:00,13454.868067,7.029418000000078,True,2023-01-26 03:00:00,1.0,2023
2023-01-29,2023-01-29 19:00:00,2023-01-30,13732.951836,13668.843546,13700.897691,64.10829000000012,LOW,2023-01-30 02:00:00,13630.041159,77.88594999999987,False,,,2023
2023-01-30,2023-01-30 19:00:00,2023-01-31,13500.981048,13408.47391,13454.727479000001,92.50713799999903,LOW,2023-01-31 02:00:00,13391.884484,16.589426000000458,True,2023-01-31 02:05:00,0.08333333333333333,2023
2023-01-31,2023-01-31 19:00:00,2023-02-01,13630.322336,13591.801126,13611.061731,38.52120999999897,HIGH,2023-02-01 02:00:00,13645.787055,32.61649900000157,True,2023-02-01 08:00:00,6.0,2023
2023-02-01,2023-02-01 19:00:00,2023-02-02,14109.447455,14060.803884,14085.125669500001,48.6435709999987,HIGH,2023-02-02 02:00:00,14178.054573,68.6071179999999,True,2023-02-02 02:05:00,0.08333333333333333,2023
2023-02-02,2023-02-02 19:00:00,2023-02-03,14258.471113,14192.394585,14225.432849,66.0765279999996,LOW,2023-02-03 02:00:00,14157.80985,41.895329999999376,True,2023-02-03 03:00:00,1.0,2023
2023-02-05,2023-02-05 19:00:00,2023-02-06,14175.242806,14106.073334,14140.658070000001,69.16947199999959,LOW,2023-02-06 02:00:00,14093.139206,12.934128000000783,True,2023-02-06 02:05:00,0.08333333333333333,2023
2023-02-06,2023-02-06 19:00:00,2023-02-07,14133.628652,14091.452145,14112.5403985,42.17650700000013,LOW,2023-02-07 02:00:00,14082.735667,60.171816000000035,True,2023-02-07 03:00:00,1.0,2023
2023-02-07,2023-02-07 19:00:00,2023-02-08,14405.80771,14341.69942,14373.753564999999,64.1082899999983,LOW,2023-02-08 02:00:00,14302.897034,38.802386000001206,True,2023-02-08 06:00:00,4.0,2023
2023-02-08,2023-02-08 19:00:00,2023-02-09,14185.365168,14120.694524,14153.029846000001,64.67064399999981,HIGH,2023-02-09 02:00:00,14214.045192,68.32594099999915,False,,,2023
2023-02-09,2023-02-09 19:00:00,2023-02-10,13977.013223,13921.902587,13949.457905,55.11063599999943,HIGH,2023-02-10 02:00:00,13982.074404,21.369430000000648,True,2023-02-10 02:05:00,0.08333333333333333,2023
2023-02-12,2023-02-12 19:00:00,2023-02-13,13851.327233,13794.810713,13823.068973000001,56.51651999999922,HIGH,2023-02-13 02:00:00,13874.6649,45.831803999999465,False,,,2023
2023-02-13,2023-02-13 19:00:00,2023-02-14,14106.635688,14064.178004,14085.406846,42.45768400000088,HIGH,2023-02-14 02:00:00,14125.193351,18.557662999999593,True,2023-02-14 02:30:00,0.5,2023
2023-02-15,2023-02-15 19:00:00,2023-02-16,14388.093578,14337.200592,14362.647085,50.89298600000075,LOW,2023-02-16 02:00:00,14331.295882,5.904709999998886,False,,,2023
2023-02-16,2023-02-16 19:00:00,2023-02-17,14002.037951,13923.589648,13962.8137995,78.44830300000103,LOW,2023-02-17 02:00:00,13915.7167,46.9565109999985,True,2023-02-17 08:00:00,6.0,2023
2023-02-20,2023-02-20 19:00:00,2023-02-21,13902.782571,13871.853133,13887.317852,30.92943799999921,LOW,2023-02-21 02:00:00,13850.483702,118.93775000000096,False,,,2023
2023-02-21,2023-02-21 19:00:00,2023-02-22,13657.596477,13620.199975,13638.898226,37.3965019999996,LOW,2023-02-22 02:00:00,13569.025813,51.17416199999934,True,2023-02-22 02:05:00,0.08333333333333333,2023
2023-02-22,2023-02-22 19:00:00,2023-02-23,13735.763604,13681.777675,13708.770639499999,53.9859290000004,HIGH,2023-02-23 02:00:00,13750.947146,15.18354200000067,True,2023-02-23 02:10:00,0.16666666666666666,2023
2023-02-23,2023-02-23 19:00:00,2023-02-24,13737.731841,13679.528261,13708.630051,58.20358000000124,LOW,2023-02-24 02:00:00,13647.474116,32.05414500000006,False,,,2023
2023-02-26,2023-02-26 19:00:00,2023-02-27,13549.343443,13503.792815,13526.568129,45.55062799999905,HIGH,2023-02-27 02:00:00,13578.585821,29.242378000000826,False,,,2023
2023-02-27,2023-02-27 19:00:00,2023-02-28,13641.288228,13589.551713,13615.4199705,51.73651499999869,LOW,2023-02-28 02:00:00,13533.597547,59.89064000000144,True,2023-02-28 05:00:00,3.0,2023
2023-02-28,2023-02-28 19:00:00,2023-03-01,13613.451733,13484.391622,13548.921677499999,129.0601110000007,HIGH,2023-03-01 02:00:00,13630.322336,16.87060299999939,True,2023-03-01 07:00:00,5.0,2023
2023-03-01,2023-03-01 19:00:00,2023-03-02,13440.528055,13332.556197,13386.542126,107.9718580000008,LOW,2023-03-02 02:00:00,13310.90559,24.462374000000636,True,2023-03-02 05:00:00,3.0,2023
2023-03-02,2023-03-02 19:00:00,2023-03-03,13561.152865,13509.978703,13535.565784,51.17416199999934,HIGH,2023-03-03 02:00:00,13582.241118,21.088252999999895,False,,,2023
2023-03-07,2023-03-07 19:00:00,2023-03-08,13703.428282,13652.535296,13677.981789000001,50.89298600000075,HIGH,2023-03-08 02:00:00,13711.863583,8.435300999999527,True,2023-03-08 02:05:00,0.08333333333333333,2023
2023-03-08,2023-03-08 19:00:00,2023-03-09,13743.074198,13701.460045,13722.267121500001,41.61415300000044,LOW,2023-03-09 02:00:00,13695.274157,21.369430999999167,True,2023-03-09 07:00:00,5.0,2023
2023-03-09,2023-03-09 19:00:00,2023-03-10,13479.330441,13408.192733,13443.761587,71.1377080000002,HIGH,2023-03-10 02:00:00,13485.516329,6.185887999999977,True,2023-03-10 02:15:00,0.25,2023
2023-03-12,2023-03-12 19:00:00,2023-03-13,13581.397588,13440.246878,13510.822232999999,141.1507099999999,HIGH,2023-03-13 02:00:00,13591.238773,9.841184999999314,True,2023-03-13 03:00:00,1.0,2023
2023-03-15,2023-03-15 19:00:00,2023-03-16,13874.299281,13804.440723,13839.370002,69.8585579999999,LOW,2023-03-16 02:00:00,13791.91628,13.081084999999803,True,2023-03-16 02:30:00,0.5,2023
2023-03-16,2023-03-16 19:00:00,2023-03-17,14190.750199,14140.930749,14165.840474,49.81945000000087,HIGH,2023-03-17 02:00:00,14214.129159,23.378960000000006,True,2023-03-17 03:00:00,1.0,2023
2023-03-19,2023-03-19 19:00:00,2023-03-20,14169.319486,14067.175698,14118.247592,102.14378800000122,LOW,2023-03-20 02:00:00,13973.93818,93.23751799999991,True,2023-03-20 05:00:00,3.0,2023
2023-03-20,2023-03-20 19:00:00,2023-03-21,14180.730645,14112.542012,14146.6363285,68.18863299999975,HIGH,2023-03-21 02:00:00,14185.740422,5.009777000001122,True,2023-03-21 02:05:00,0.08333333333333333,2023
2023-03-21,2023-03-21 19:00:00,2023-03-22,14346.331609,14313.489737,14329.910673,32.841872000000876,LOW,2023-03-22 02:00:00,14284.544359,28.945378000000346,True,2023-03-22 08:00:00,6.0,2023
2023-03-22,2023-03-22 19:00:00,2023-03-23,14245.579426,14144.548922,14195.064174,101.03050400000029,HIGH,2023-03-23 02:00:00,14248.640956,26.162168999999267,False,,,2023
2023-03-23,2023-03-23 19:00:00,2023-03-24,14346.888251,14274.803125,14310.845688000001,72.08512599999995,HIGH,2023-03-24 02:00:00,14383.904937,37.01668599999903,True,2023-03-24 03:00:00,1.0,2023
2023-03-26,2023-03-26 19:00:00,2023-03-27,14455.433421,14369.153927,14412.293674,86.27949400000034,LOW,2023-03-27 02:00:00,14304.305146,64.84878099999878,True,2023-03-27 06:00:00,4.0,2023
2023-03-27,2023-03-27 19:00:00,2023-03-28,14276.19473,14240.013007,14258.103868499998,36.18172299999969,LOW,2023-03-28 02:00:00,14201.883037,38.12996999999996,True,2023-03-28 02:10:00,0.16666666666666666,2023
2023-03-28,2023-03-28 19:00:00,2023-03-29,14267.845102,14203.831284,14235.838193,64.01381799999945,HIGH,2023-03-29 02:00:00,14295.677197,45.087993000001006,False,,,2023
2023-03-29,2023-03-29 19:00:00,2023-03-30,14452.650211,14396.42938,14424.5397955,56.220831000000544,HIGH,2023-03-30 02:00:00,14469.627789,26.162169999999605,False,,,2023
2023-03-30,2023-03-30 19:00:00,2023-03-31,14627.157446,14576.781355,14601.969400499998,50.37609100000009,LOW,2023-03-31 02:00:00,14562.030344,14.75101099999847,True,2023-03-31 07:00:00,5.0,2023
2023-04-02,2023-04-02 19:00:00,2023-04-03,14740.155751,14695.346079,14717.750915,44.80967199999941,HIGH,2023-04-03 02:00:00,14747.392096,7.236344999999346,True,2023-04-03 02:45:00,0.75,2023
2023-04-03,2023-04-03 19:00:00,2023-04-04,14764.091353,14724.848099,14744.469726,39.24325399999907,HIGH,2023-04-04 02:00:00,14767.431204,3.3398510000006354,True,2023-04-04 02:15:00,0.25,2023
2023-04-04,2023-04-04 19:00:00,2023-04-05,14747.948738,14708.983805,14728.4662715,38.96493299999929,LOW,2023-04-05 02:00:00,14688.109734,20.874071000000185,True,2023-04-05 02:15:00,0.25,2023
2023-04-05,2023-04-05 19:00:00,2023-04-06,14541.991236,14492.450107,14517.2206715,49.54112899999927,HIGH,2023-04-06 02:00:00,14561.473702,19.482465999999476,True,2023-04-06 04:00:00,2.0,2023
2023-04-09,2023-04-09 19:00:00,2023-04-10,14654.432899,14610.73651,14632.584704500001,43.69638899999882,LOW,2023-04-10 02:00:00,14593.20229,17.53422000000137,True,2023-04-10 04:00:00,2.0,2023
2023-04-11,2023-04-11 19:00:00,2023-04-12,14577.059675,14546.722692,14561.8911835,30.336983000001055,LOW,2023-04-12 02:00:00,14530.301756,31.17194599999857,True,2023-04-12 03:00:00,1.0,2023
2023-04-12,2023-04-12 19:00:00,2023-04-13,14452.371891,14394.759454,14423.5656725,57.61243700000159,HIGH,2023-04-13 02:00:00,14480.482306,28.110414999999193,False,,,2023
2023-04-13,2023-04-13 19:00:00,2023-04-14,14712.323656,14676.420254,14694.371955,35.903401999999915,LOW,2023-04-14 02:00:00,14671.967119,4.453134999999747,True,2023-04-14 02:10:00,0.16666666666666666,2023
2023-04-16,2023-04-16 19:00:00,2023-04-17,14691.449585,14666.4007,14678.9251425,25.048885000000155,HIGH,2023-04-17 02:00:00,14710.653731,23.935601999999562,True,2023-04-17 03:00:00,1.0,2023
2023-04-17,2023-04-17 19:00:00,2023-04-18,14676.976896,14651.093048,14664.034972000001,25.88384799999949,HIGH,2023-04-18 02:00:00,14687.274771,15.307651999999507,False,,,2023
2023-04-18,2023-04-18 19:00:00,2023-04-19,14680.595068,14646.083271,14663.3391695,34.511797000001025,LOW,2023-04-19 02:00:00,14605.170091,50.09777099999883,False,,,2023
2023-04-19,2023-04-19 19:00:00,2023-04-20,14643.300061,14597.377105,14620.338583,45.92295600000034,LOW,2023-04-20 02:00:00,14594.593895,57.89075799999955,False,,,2023
2023-04-20,2023-04-20 19:00:00,2023-04-21,14592.645649,14558.968814,14575.807231499999,33.67683500000021,LOW,2023-04-21 02:00:00,14536.424817,44.53135199999997,False,,,2023
2023-04-23,2023-04-23 19:00:00,2023-04-24,14548.670939,14503.026303,14525.848621000001,45.64463599999908,LOW,2023-04-24 02:00:00,14493.563391,11.689480000000913,True,2023-04-24 04:00:00,2.0,2023
2023-04-24,2023-04-24 19:00:00,2023-04-25,14538.929706,14472.410999,14505.670352500001,66.51870700000109,LOW,2023-04-25 02:00:00,14470.184431,19.760787999999593,False,,,2023
2023-04-25,2023-04-25 19:00:00,2023-04-26,14468.792826,14417.581772,14443.187299000001,51.21105400000124,LOW,2023-04-26 02:00:00,14412.850316,4.731455999999525,True,2023-04-26 03:00:00,1.0,2023
2023-04-26,2023-04-26 19:00:00,2023-04-27,14455.1551,14401.439157,14428.2971285,53.71594299999924,HIGH,2023-04-27 02:00:00,14468.792826,35.62508100000014,False,,,2023
2023-04-27,2023-04-27 19:00:00,2023-04-28,14735.424295,14683.099957,14709.262126000001,52.32433800000035,LOW,2023-04-28 02:00:00,14673.915366,9.184591000001092,True,2023-04-28 07:00:00,5.0,2023
2023-04-30,2023-04-30 19:00:00,2023-05-01,14860.11208,14802.499644,14831.305862000001,57.61243600000125,HIGH,2023-05-01 02:00:00,14869.01835,10.576195999999982,True,2023-05-01 03:00:00,1.0,2023
2023-05-01,2023-05-01 19:00:00,2023-05-02,14823.373715,14770.771056,14797.0723855,52.60265900000013,HIGH,2023-05-02 02:00:00,14845.36107,21.987355000001116,True,2023-05-02 07:00:00,5.0,2023
2023-05-02,2023-05-02 19:00:00,2023-05-03,14691.727906,14665.009095,14678.3685005,26.718811000000642,HIGH,2023-05-03 02:00:00,14702.025781,14.472690000000512,True,2023-05-03 03:00:00,1.0,2023
2023-05-03,2023-05-03 19:00:00,2023-05-04,14659.720997,14579.007922,14619.3644595,80.71307499999966,HIGH,2023-05-04 02:00:00,14665.287416,5.566418999998859,True,2023-05-04 02:05:00,0.08333333333333333,2023
2023-05-04,2023-05-04 19:00:00,2023-05-05,14599.603672,14562.308665,14580.9561685,37.295006999998805,LOW,2023-05-05 02:00:00,14557.577209,4.731456000001344,True,2023-05-05 02:05:00,0.08333333333333333,2023
2023-05-07,2023-05-07 19:00:00,2023-05-08,14840.072972,14800.273076,14820.173024,39.799896000000444,HIGH,2023-05-08 02:00:00,14845.639391,5.566419000000678,True,2023-05-08 03:00:00,1.0,2023
2023-05-08,2023-05-08 19:00:00,2023-05-09,14858.998796,14836.73312,14847.865958,22.265675999999075,LOW,2023-05-09 02:00:00,14823.930357,12.802763000001505,False,,,2023
2023-05-09,2023-05-09 19:00:00,2023-05-10,14791.088485,14760.751501,14775.919993,30.336983999999575,LOW,2023-05-10 02:00:00,14720.673285,40.078215999999884,True,2023-05-10 02:05:00,0.08333333333333333,2023
2023-05-10,2023-05-10 19:00:00,2023-05-11,14971.162138,14942.495081,14956.8286095,28.667057000000568,LOW,2023-05-11 02:00:00,14938.876908,3.618172999998933,True,2023-05-11 02:10:00,0.16666666666666666,2023
2023-05-14,2023-05-14 19:00:00,2023-05-15,14938.598587,14862.338648,14900.4686175,76.25993899999958,HIGH,2023-05-15 02:00:00,14956.689449,27.832094999999754,True,2023-05-15 08:00:00,6.0,2023
2023-05-15,2023-05-15 19:00:00,2023-05-16,14992.03621,14970.883818,14981.460014,21.152391999999963,LOW,2023-05-16 02:00:00,14960.585942,10.297876000000542,True,2023-05-16 02:10:00,0.16666666666666666,2023
2023-05-16,2023-05-16 19:00:00,2023-05-17,15054.936744,15025.991365,15040.4640545,28.945379000000685,LOW,2023-05-17 02:00:00,15022.094872,25.327205999999933,True,2023-05-17 03:00:00,1.0,2023
2023-05-17,2023-05-17 19:00:00,2023-05-18,15201.333563,15172.109863,15186.721712999999,29.223700000000463,HIGH,2023-05-18 02:00:00,15205.508377,4.174813999999969,True,2023-05-18 02:05:00,0.08333333333333333,2023
2023-05-18,2023-05-18 19:00:00,2023-05-19,15522.237616,15486.890856,15504.564236,35.34676000000036,LOW,2023-05-19 02:00:00,15461.285329,25.60552699999971,True,2023-05-19 03:00:00,1.0,2023
2023-05-22,2023-05-22 19:00:00,2023-05-23,15562.872475,15499.136978,15531.0047265,63.73549699999967,LOW,2023-05-23 02:00:00,15481.602758,28.38873700000113,False,,,2023
2023-05-23,2023-05-23 19:00:00,2023-05-24,15314.053547,15283.716564,15298.885055499999,30.336982999999236,LOW,2023-05-24 02:00:00,15257.832715,43.696389000000636,False,,,2023
2023-05-24,2023-05-24 19:00:00,2023-05-25,15431.504987,15389.478524,15410.4917555,42.02646300000015,HIGH,2023-05-25 02:00:00,15444.307751,12.802764000000025,True,2023-05-25 02:30:00,0.5,2023
2023-05-25,2023-05-25 19:00:00,2023-05-26,15554.244525,15501.920187,15528.082355999999,52.32433800000035,HIGH,2023-05-26 02:00:00,15568.717215,14.472690000000512,True,2023-05-26 02:30:00,0.5,2023
2023-05-29,2023-05-29 19:00:00,2023-05-30,16029.895026,16007.35103,16018.623028,22.543996000000334,HIGH,2023-05-30 02:00:00,16070.808206,40.91317999999956,False,,,2023
2023-05-30,2023-05-30 19:00:00,2023-05-31,16058.840405,15969.22106,16014.0307325,89.61934500000098,LOW,2023-05-31 02:00:00,15955.861654,13.35940599999958,True,2023-05-31 04:00:00,2.0,2023
2023-06-01,2023-06-01 19:00:00,2023-06-02,16162.654119,16112.556348,16137.6052335,50.09777100000065,HIGH,2023-06-02 02:00:00,16163.210761,0.556641999999556,True,2023-06-02 07:00:00,5.0,2023
2023-06-04,2023-06-04 19:00:00,2023-06-05,16194.661028,16156.809379,16175.7352035,37.85164900000018,HIGH,2023-06-05 02:00:00,16226.111295,31.450267000000167,True,2023-06-05 02:05:00,0.08333333333333333,2023
2023-06-05,2023-06-05 19:00:00,2023-06-06,16255.056674,16205.515545,16230.2861095,49.54112899999927,HIGH,2023-06-06 02:00:00,16270.642647,15.585973000001104,True,2023-06-06 02:05:00,0.08333333333333333,2023
2023-06-06,2023-06-06 19:00:00,2023-06-07,16255.613316,16218.87495,16237.244133,36.738366000001406,LOW,2023-06-07 02:00:00,16187.981325,30.893624999998792,True,2023-06-07 05:00:00,3.0,2023
2023-06-08,2023-06-08 19:00:00,2023-06-09,16151.521281,16123.689186,16137.605233499999,27.832094999999754,LOW,2023-06-09 02:00:00,16098.36198,25.327205999999933,True,2023-06-09 02:05:00,0.08333333333333333,2023
2023-06-11,2023-06-11 19:00:00,2023-06-12,16255.891637,16229.172825,16242.532231000001,26.71881200000098,HIGH,2023-06-12 02:00:00,16271.635506,25.918797000000268,False,,,2023
2023-06-12,2023-06-12 19:00:00,2023-06-13,16557.633493,16494.383938,16526.0087155,63.24955500000215,HIGH,2023-06-13 02:00:00,16574.133377,34.09975999999733,True,2023-06-13 05:00:00,3.0,2023
2023-06-13,2023-06-13 19:00:00,2023-06-14,16621.98304,16588.983273,16605.4831565,32.99976699999752,HIGH,2023-06-14 02:00:00,16653.33282,31.349780000000464,True,2023-06-14 02:05:00,0.08333333333333333,2023
2023-06-14,2023-06-14 19:00:00,2023-06-15,16741.057202,16682.482615,16711.7699085,58.574586999999156,LOW,2023-06-15 02:00:00,16669.007709,24.199830000001384,True,2023-06-15 02:45:00,0.75,2023
2023-06-18,2023-06-18 19:00:00,2023-06-19,16832.906556,16788.906866,16810.906711000003,43.999690000000555,HIGH,2023-06-19 02:00:00,16836.206533,3.299976999998762,True,2023-06-19 02:05:00,0.08333333333333333,2023
2023-06-19,2023-06-19 19:00:00,2023-06-20,16783.406904,16734.457249,16758.9320765,48.94965500000035,LOW,2023-06-20 02:00:00,16729.232286,5.224963000000571,True,2023-06-20 02:30:00,0.5,2023
2023-06-20,2023-06-20 19:00:00,2023-06-21,16800.456785,16769.107005,16784.781895,31.349779999996827,LOW,2023-06-21 02:00:00,16736.382235,32.72477000000072,True,2023-06-21 03:00:00,1.0,2023
2023-06-21,2023-06-21 19:00:00,2023-06-22,16563.683451,16486.95899,16525.3212205,76.72446100000161,LOW,2023-06-22 02:00:00,16466.884132,20.07485799999995,True,2023-06-22 04:00:00,2.0,2023
2023-06-22,2023-06-22 19:00:00,2023-06-23,16744.907175,16636.28294,16690.595057500002,108.62423499999932,LOW,2023-06-23 02:00:00,16621.98304,14.299900000001799,True,2023-06-23 02:15:00,0.25,2023
2023-06-25,2023-06-25 19:00:00,2023-06-26,16625.283017,16582.658317,16603.970667,42.6247000000003,LOW,2023-06-26 02:00:00,16530.958681,71.4994970000007,True,2023-06-26 08:00:00,6.0,2023
2023-06-26,2023-06-26 19:00:00,2023-06-27,16397.309621,16349.18496,16373.2472905,48.12466099999983,HIGH,2023-06-27 02:00:00,16416.284488,18.974867000000813,False,,,2023
2023-06-27,2023-06-27 19:00:00,2023-06-28,16577.708352,16540.033617,16558.8709845,37.67473500000051,HIGH,2023-06-28 02:00:00,16585.1333,7.424947999999858,True,2023-06-28 02:05:00,0.08333333333333333,2023
2023-06-28,2023-06-28 19:00:00,2023-06-29,16699.807493,16652.782824,16676.2951585,47.02466899999854,LOW,2023-06-29 02:00:00,16641.782901,26.67481300000145,True,2023-06-29 03:00:00,1.0,2023
2023-07-02,2023-07-02 19:00:00,2023-07-03,16900.281082,16863.706339,16881.9937105,36.574743000001035,HIGH,2023-07-03 02:00:00,16902.756065,2.4749830000000657,True,2023-07-03 05:00:00,3.0,2023
2023-07-03,2023-07-03 19:00:00,2023-07-04,16891.756142,16867.556312,16879.656227,24.199829999997746,HIGH,2023-07-04 02:00:00,16896.981105,5.224963000000571,True,2023-07-04 03:00:00,1.0,2023
2023-07-04,2023-07-04 19:00:00,2023-07-05,16892.03114,16863.981338,16878.006239000002,28.049801999997726,LOW,2023-07-05 02:00:00,16816.131674,47.84966400000121,True,2023-07-05 08:00:00,6.0,2023
2023-07-05,2023-07-05 19:00:00,2023-07-06,16895.331117,16794.956823,16845.14397,100.3742940000011,LOW,2023-07-06 02:00:00,16790.831852,4.124971000001096,False,,,2023
2023-07-06,2023-07-06 19:00:00,2023-07-07,16767.457017,16736.107237,16751.782127,31.349780000000464,LOW,2023-07-07 02:00:00,16704.48246,42.074703999998746,True,2023-07-07 07:00:00,5.0,2023
2023-07-09,2023-07-09 19:00:00,2023-07-10,16700.632487,16592.833245,16646.732866,107.79924199999732,LOW,2023-07-10 02:00:00,16591.458255,1.3749900000002526,True,2023-07-10 03:00:00,1.0,2023
2023-07-10,2023-07-10 19:00:00,2023-07-11,16730.332278,16693.482537,16711.907407500003,36.84974100000181,HIGH,2023-07-11 02:00:00,16755.907098,25.574819999998,True,2023-07-11 03:00:00,1.0,2023
2023-07-11,2023-07-11 19:00:00,2023-07-12,16819.706649,16779.83193,16799.7692895,39.87471899999946,HIGH,2023-07-12 02:00:00,16829.056583,9.349934000001667,True,2023-07-12 02:05:00,0.08333333333333333,2023
2023-07-16,2023-07-16 19:00:00,2023-07-17,17260.528547,17228.628772,17244.578659500003,31.899775000001682,HIGH,2023-07-17 02:00:00,17293.803313,33.274765999998635,False,,,2023
2023-07-17,2023-07-17 19:00:00,2023-07-18,17415.07746,17379.052713,17397.0650865,36.02474699999948,HIGH,2023-07-18 02:00:00,17425.802384,10.724923999998282,True,2023-07-18 05:00:00,3.0,2023
2023-07-18,2023-07-18 19:00:00,2023-07-19,17564.401409,17547.626527,17556.013968,16.774881999997888,HIGH,2023-07-19 02:00:00,17589.701231,25.29982200000086,False,,,2023
2023-07-19,2023-07-19 19:00:00,2023-07-20,17488.501943,17441.477274,17464.9896085,47.02466899999854,LOW,2023-07-20 02:00:00,17431.852342,20.624855000001844,True,2023-07-20 08:00:00,6.0,2023
2023-07-20,2023-07-20 19:00:00,2023-07-21,17172.529166,17109.829608,17141.179387,62.69955800000025,HIGH,2023-07-21 02:00:00,17186.004072,32.72477000000072,False,,,2023
2023-07-23,2023-07-23 19:00:00,2023-07-24,17126.329492,17085.629778,17105.979635,40.69971400000213,HIGH,2023-07-24 02:00:00,17150.254323,23.924831000000268,True,2023-07-24 08:00:00,6.0,2023
2023-07-24,2023-07-24 19:00:00,2023-07-25,17129.35447,17104.054648,17116.704558999998,25.29982199999722,HIGH,2023-07-25 02:00:00,17153.5543,24.199830000001384,False,,,2023
2023-07-25,2023-07-25 19:00:00,2023-07-26,17226.978783,17192.879023,17209.928903,34.09975999999733,HIGH,2023-07-26 02:00:00,17245.678652,18.699869000000035,True,2023-07-26 03:00:00,1.0,2023
2023-07-26,2023-07-26 19:00:00,2023-07-27,17297.653286,17203.053952,17250.353619,94.59933400000227,HIGH,2023-07-27 02:00:00,17300.678265,56.37460300000021,False,,,2023
2023-07-27,2023-07-27 19:00:00,2023-07-28,17238.528702,17100.754671,17169.6416865,137.77403100000083,HIGH,2023-07-28 02:00:00,17257.22857,32.44977199999994,False,,,2023
2023-07-31,2023-07-31 19:00:00,2023-08-01,17478.052017,17439.827286,17458.9396515,38.224731000002066,LOW,2023-08-01 02:00:00,17398.302578,41.52470800000083,False,,,2023
2023-08-01,2023-08-01 19:00:00,2023-08-02,17368.602787,17274.003452,17321.3031195,94.59933499999897,LOW,2023-08-02 02:00:00,17187.929058,86.0743939999993,False,,,2023
2023-08-02,2023-08-02 19:00:00,2023-08-03,17058.129971,16982.230505,17020.180238,75.89946599999894,LOW,2023-08-03 02:00:00,16916.780966,108.8992330000001,False,,,2023
2023-08-06,2023-08-06 19:00:00,2023-08-07,16989.105457,16937.680819,16963.393138,51.424638000000414,HIGH,2023-08-07 02:00:00,17005.330343,23.924831999996968,True,2023-08-07 02:05:00,0.08333333333333333,2023
2023-08-07,2023-08-07 19:00:00,2023-08-08,17040.805093,16949.230738,16995.0179155,91.57435500000065,LOW,2023-08-08 02:00:00,16944.005774,5.2249639999972715,False,,,2023
2023-08-08,2023-08-08 19:00:00,2023-08-09,16938.780811,16880.481221,16909.631016,58.299590000002354,HIGH,2023-08-09 02:00:00,16975.630552,36.849740999998176,True,2023-08-09 06:00:00,4.0,2023
2023-08-09,2023-08-09 19:00:00,2023-08-10,16774.05697,16730.332278,16752.194624000003,43.72469199999978,HIGH,2023-08-10 02:00:00,16823.281624,49.22465399999783,False,,,2023
2023-08-13,2023-08-13 19:00:00,2023-08-14,16663.782746,16522.708739,16593.245742500003,141.07400699999926,HIGH,2023-08-14 02:00:00,16747.382158,83.59941199999957,True,2023-08-14 02:05:00,0.08333333333333333,2023
2023-08-14,2023-08-14 19:00:00,2023-08-15,16868.381307,16820.531643,16844.456475,47.84966400000121,LOW,2023-08-15 02:00:00,16800.181786,98.44930699999895,False,,,2023
2023-08-15,2023-08-15 19:00:00,2023-08-16,16648.932851,16590.358263,16619.645557,58.57458800000313,HIGH,2023-08-16 02:00:00,16669.557706,20.624854999998206,True,2023-08-16 04:00:00,2.0,2023
2023-08-16,2023-08-16 19:00:00,2023-08-17,16446.259277,16376.13477,16411.1970235,70.12450700000045,HIGH,2023-08-17 02:00:00,16469.90911,23.64983299999949,True,2023-08-17 08:00:00,6.0,2023
2023-08-17,2023-08-17 19:00:00,2023-08-18,16269.985517,16215.260902,16242.6232095,54.724614999999176,LOW,2023-08-18 02:00:00,16196.286036,18.974866000000475,True,2023-08-18 02:05:00,0.08333333333333333,2023
2023-08-20,2023-08-20 19:00:00,2023-08-21,16274.660484,16199.861011,16237.2607475,74.79947299999913,HIGH,2023-08-21 02:00:00,16299.41031,24.749825999999302,True,2023-08-21 02:05:00,0.08333333333333333,2023
2023-08-21,2023-08-21 19:00:00,2023-08-22,16482.009025,16437.184341,16459.596683,44.82468399999925,HIGH,2023-08-22 02:00:00,16529.858689,71.4994970000007,False,,,2023
2023-08-22,2023-08-22 19:00:00,2023-08-23,16537.833632,16456.984201,16497.4089165,80.84943100000237,HIGH,2023-08-23 02:00:00,16539.483621,38.499729999999545,True,2023-08-23 06:00:00,4.0,2023
2023-08-23,2023-08-23 19:00:00,2023-08-24,16944.555771,16850.231434,16897.3936025,94.3243369999982,HIGH,2023-08-24 02:00:00,16959.680664,15.124893000000156,True,2023-08-24 04:00:00,2.0,2023
2023-08-24,2023-08-24 19:00:00,2023-08-25,16362.934863,16309.035242,16335.9850525,53.89962100000048,LOW,2023-08-25 02:00:00,16279.335451,29.699790999999095,True,2023-08-25 02:15:00,0.25,2023
2023-08-28,2023-08-28 19:00:00,2023-08-29,16645.632874,16586.50829,16616.070582,59.12458399999741,HIGH,2023-08-29 02:00:00,16661.85776,16.22488599999997,True,2023-08-29 02:45:00,0.75,2023
2023-08-29,2023-08-29 19:00:00,2023-08-30,17014.680277,16958.85567,16986.7679735,55.82460699999865,LOW,2023-08-30 02:00:00,16922.280927,36.574743000001035,True,2023-08-30 07:00:00,5.0,2023
2023-08-30,2023-08-30 19:00:00,2023-08-31,17085.079782,17035.030134,17060.054958,50.04964800000016,LOW,2023-08-31 02:00:00,17032.005155,3.024979000001622,True,2023-08-31 02:30:00,0.5,2023
2023-08-31,2023-08-31 19:00:00,2023-09-01,17115.329569,17084.529786,17099.9296775,30.799783000002208,LOW,2023-09-01 02:00:00,17062.52994,21.999845999998797,True,2023-09-01 02:30:00,0.5,2023
2023-09-03,2023-09-03 19:00:00,2023-09-04,17102.679658,17061.979944,17082.329801,40.69971400000213,HIGH,2023-09-04 02:00:00,17110.9296,17.599876000000222,False,,,2023
2023-09-04,2023-09-04 19:00:00,2023-09-05,17082.879797,17036.680122,17059.779959500003,46.19967499999984,LOW,2023-09-05 02:00:00,17026.505194,40.14971700000024,False,,,2023
2023-09-05,2023-09-05 19:00:00,2023-09-06,17086.179774,17043.280076,17064.729925,42.89969800000108,LOW,2023-09-06 02:00:00,17021.280231,60.77457199999844,True,2023-09-06 08:00:00,6.0,2023
2023-09-06,2023-09-06 19:00:00,2023-09-07,16935.205836,16872.781276,16903.993556,62.424559999999474,LOW,2023-09-07 02:00:00,16855.456398,33.82476200000019,False,,,2023
2023-09-07,2023-09-07 19:00:00,2023-09-08,16851.331427,16778.456939,16814.894183,72.87448800000129,HIGH,2023-09-08 02:00:00,16861.781353,26.674811999997473,True,2023-09-08 03:00:00,1.0,2023
2023-09-10,2023-09-10 19:00:00,2023-09-11,16900.023796,16827.681593,16863.8526945,72.34220300000015,HIGH,2023-09-11 02:00:00,16919.030281,41.54274599999917,False,,,2023
2023-09-11,2023-09-11 19:00:00,2023-09-12,17023.837472,16987.72515,17005.781311,36.11232200000086,LOW,2023-09-12 02:00:00,16974.149089,13.576060999999754,True,2023-09-12 02:10:00,0.16666666666666666,2023
2023-09-12,2023-09-12 19:00:00,2023-09-13,16850.335412,16804.719847,16827.5276295,45.61556500000006,HIGH,2023-09-13 02:00:00,16866.626686,16.291273999999248,True,2023-09-13 02:10:00,0.16666666666666666,2023
2023-09-14,2023-09-14 19:00:00,2023-09-15,17072.982813,17022.751387,17047.8671,50.231425999998464,LOW,2023-09-15 02:00:00,17000.486647,22.26473999999871,True,2023-09-15 02:10:00,0.16666666666666666,2023
2023-09-17,2023-09-17 19:00:00,2023-09-18,16747.157349,16720.81979,16733.9885695,26.3375589999996,LOW,2023-09-18 02:00:00,16716.746972,4.072818000000552,True,2023-09-18 02:05:00,0.08333333333333333,2023
2023-09-18,2023-09-18 19:00:00,2023-09-19,16765.892313,16711.316547,16738.60443,54.57576600000175,LOW,2023-09-19 02:00:00,16704.800038,6.516508999997313,True,2023-09-19 02:15:00,0.25,2023
2023-09-19,2023-09-19 19:00:00,2023-09-20,16710.230463,16662.98577,16686.6081165,47.24469300000055,HIGH,2023-09-20 02:00:00,16714.846323,4.615860000001703,False,,,2023
2023-09-20,2023-09-20 19:00:00,2023-09-21,16437.623157,16377.888489,16407.755823,59.734668000000966,LOW,2023-09-21 02:00:00,16354.266143,23.622346000000107,True,2023-09-21 02:05:00,0.08333333333333333,2023
2023-09-21,2023-09-21 19:00:00,2023-09-22,16198.412962,16113.42682,16155.919891000001,84.98614199999975,HIGH,2023-09-22 02:00:00,16212.532066,14.119103999999425,False,,,2023
2023-09-24,2023-09-24 19:00:00,2023-09-25,16218.777054,16147.366973,16183.072013500001,71.41008099999999,HIGH,2023-09-25 02:00:00,16232.624636,13.84758200000033,True,2023-09-25 03:00:00,1.0,2023
2023-09-25,2023-09-25 19:00:00,2023-09-26,16218.777054,16130.804178,16174.790616,87.97287599999981,LOW,2023-09-26 02:00:00,16097.950111,62.178358999999546,True,2023-09-26 07:00:00,5.0,2023
2023-09-26,2023-09-26 19:00:00,2023-09-27,16033.056539,15990.427708,16011.7421235,42.62883099999999,HIGH,2023-09-27 02:00:00,16038.486964,34.21167400000013,True,2023-09-27 07:00:00,5.0,2023
2023-09-28,2023-09-28 19:00:00,2023-09-29,16181.035604,16101.751408,16141.393506,79.28419600000052,HIGH,2023-09-29 02:00:00,16199.770568,62.721401999999216,False,,,2023
2023-10-01,2023-10-01 19:00:00,2023-10-02,16285.028232,16222.849872,16253.939052000002,62.178359999999884,HIGH,2023-10-02 02:00:00,16302.677111,17.648879000000306,True,2023-10-02 03:00:00,1.0,2023
2023-10-02,2023-10-02 19:00:00,2023-10-03,16288.558007,16229.909424,16259.233715499999,58.648583000000144,HIGH,2023-10-03 02:00:00,16294.259953,5.701946000001044,True,2023-10-03 02:05:00,0.08333333333333333,2023
2023-10-03,2023-10-03 19:00:00,2023-10-04,16001.017035,15895.938323,15948.477679,105.07871200000045,LOW,2023-10-04 02:00:00,15844.892333,51.04599000000053,True,2023-10-04 03:00:00,1.0,2023
2023-10-04,2023-10-04 19:00:00,2023-10-05,16232.081594,16169.903234,16200.992414,62.178359999999884,LOW,2023-10-05 02:00:00,16156.327173,21.178654999999708,True,2023-10-05 03:00:00,1.0,2023
2023-10-05,2023-10-05 19:00:00,2023-10-06,16159.313907,16114.512905,16136.913406,44.80100200000015,HIGH,2023-10-06 02:00:00,16172.889968,13.576060999999754,True,2023-10-06 02:10:00,0.16666666666666666,2023
2023-10-08,2023-10-08 19:00:00,2023-10-09,16326.027936,16268.193916,16297.110926000001,57.83402000000024,LOW,2023-10-09 02:00:00,16260.591322,7.602593999999954,True,2023-10-09 02:05:00,0.08333333333333333,2023
2023-10-10,2023-10-10 19:00:00,2023-10-11,16621.986066,16597.549156,16609.767611000003,24.436910000000353,HIGH,2023-10-11 02:00:00,16635.562127,13.576060999999754,True,2023-10-11 02:05:00,0.08333333333333333,2023
2023-10-11,2023-10-11 19:00:00,2023-10-12,16759.375803,16737.111063,16748.243433,22.26473999999871,HIGH,2023-10-12 02:00:00,16774.852513,15.47671000000264,True,2023-10-12 02:15:00,0.25,2023
2023-10-12,2023-10-12 19:00:00,2023-10-13,16666.515546,16635.290606,16650.903076,31.22494000000006,LOW,2023-10-13 02:00:00,16629.860181,5.43042499999865,True,2023-10-13 02:05:00,0.08333333333333333,2023
2023-10-15,2023-10-15 19:00:00,2023-10-16,16494.914135,16439.252285,16467.083209999997,55.66185000000041,LOW,2023-10-16 02:00:00,16405.583653,33.66863199999716,True,2023-10-16 02:05:00,0.08333333333333333,2023
2023-10-16,2023-10-16 19:00:00,2023-10-17,16613.840429,16576.642022,16595.2412255,37.19840699999986,HIGH,2023-10-17 02:00:00,16618.999333,5.158903999999893,True,2023-10-17 02:05:00,0.08333333333333333,2023
2023-10-17,2023-10-17 19:00:00,2023-10-18,16539.443615,16492.741965,16516.092790000002,46.70164999999906,LOW,2023-10-18 02:00:00,16482.967201,24.436910000000353,True,2023-10-18 03:00:00,1.0,2023
2023-10-18,2023-10-18 19:00:00,2023-10-19,16353.994622,16270.637607,16312.316114500001,83.35701499999959,LOW,2023-10-19 02:00:00,16222.849872,47.787734999999884,True,2023-10-19 02:15:00,0.25,2023
2023-10-19,2023-10-19 19:00:00,2023-10-20,16135.148518,16093.062729,16114.1056235,42.08578900000066,LOW,2023-10-20 02:00:00,16086.817741,15.205188999998427,True,2023-10-20 02:45:00,0.75,2023
2023-10-22,2023-10-22 19:00:00,2023-10-23,15982.825113,15947.798876,15965.3119945,35.02623700000004,LOW,2023-10-23 02:00:00,15890.507898,57.290978000000905,True,2023-10-23 02:05:00,0.08333333333333333,2023
2023-10-23,2023-10-23 19:00:00,2023-10-24,16060.480182,15987.169453,16023.8248175,73.3107289999989,HIGH,2023-10-24 02:00:00,16101.208365,40.72818300000108,True,2023-10-24 03:00:00,1.0,2023
2023-10-24,2023-10-24 19:00:00,2023-10-25,16092.248165,16030.884369,16061.566267,61.36379600000146,LOW,2023-10-25 02:00:00,16018.122872,51.31750999999895,True,2023-10-25 07:00:00,5.0,2023
2023-10-25,2023-10-25 19:00:00,2023-10-26,15619.258199,15533.457494,15576.3578465,85.80070499999965,LOW,2023-10-26 02:00:00,15484.312153,49.14534099999946,True,2023-10-26 03:00:00,1.0,2023
2023-10-29,2023-10-29 19:00:00,2023-10-30,15587.218695,15558.980488,15573.099591499998,28.23820700000033,HIGH,2023-10-30 02:00:00,15598.894108,31.76798299999973,True,2023-10-30 08:00:00,6.0,2023
2023-10-31,2023-10-31 19:00:00,2023-11-01,15722.707784,15681.70808,15702.207932000001,40.99970399999984,HIGH,2023-11-01 02:00:00,15739.5421,16.8343160000004,True,2023-11-01 03:00:00,1.0,2023
2023-11-01,2023-11-01 19:00:00,2023-11-02,16093.062729,16049.076291,16071.06951,43.98643799999991,HIGH,2023-11-02 02:00:00,16096.864026,3.801296999999977,True,2023-11-02 02:15:00,0.25,2023
2023-11-05,2023-11-05 19:00:00,2023-11-06,16501.973687,16473.463958,16487.7188225,28.509729000001244,HIGH,2023-11-06 02:00:00,16504.688899,25.79451599999811,False,,,2023
2023-11-06,2023-11-06 19:00:00,2023-11-07,16533.470148,16500.887602,16517.178874999998,32.58254600000146,LOW,2023-11-07 02:00:00,16492.198923,8.688678999998956,True,2023-11-07 02:15:00,0.25,2023
2023-11-07,2023-11-07 19:00:00,2023-11-08,16699.641135,16659.455994,16679.5485645,40.18514100000175,LOW,2023-11-08 02:00:00,16659.184473,0.27152099999875645,True,2023-11-08 02:10:00,0.16666666666666666,2023
2023-11-08,2023-11-08 19:00:00,2023-11-09,16717.561536,16674.661183,16696.1113595,42.900353000000905,HIGH,2023-11-09 02:00:00,16723.263481,5.7019450000007055,True,2023-11-09 02:10:00,0.16666666666666666,2023
2023-11-09,2023-11-09 19:00:00,2023-11-10,16567.138779,16542.158827,16554.648803,24.979952000001504,HIGH,2023-11-10 02:00:00,16584.244616,20.3640919999998,True,2023-11-10 02:45:00,0.75,2023
2023-11-13,2023-11-13 19:00:00,2023-11-14,16919.030281,16895.950977,16907.490629,23.079303999998956,HIGH,2023-11-14 02:00:00,16928.805045,20.092570000000705,True,2023-11-14 05:00:00,3.0,2023
2023-11-14,2023-11-14 19:00:00,2023-11-15,17312.193008,17269.564176,17290.878592,42.62883199999851,HIGH,2023-11-15 02:00:00,17339.888173,27.695165000000998,True,2023-11-15 02:10:00,0.16666666666666666,2023
2023-11-16,2023-11-16 19:00:00,2023-11-17,17271.193304,17243.769661,17257.4814825,27.423643000001903,HIGH,2023-11-17 02:00:00,17282.054153,10.860849000000599,True,2023-11-17 02:05:00,0.08333333333333333,2023
2023-11-19,2023-11-19 19:00:00,2023-11-20,17238.882279,17200.597787,17219.740033000002,38.2844920000025,HIGH,2023-11-20 02:00:00,17248.385521,18.73496399999931,False,,,2023
2023-11-20,2023-11-20 19:00:00,2023-11-21,17510.403499,17474.562698,17492.4830985,35.840800999998464,LOW,2023-11-21 02:00:00,17465.059455,18.734964000002947,False,,,2023
2023-11-22,2023-11-22 19:00:00,2023-11-23,17457.999903,17426.774963,17442.387433,31.22494000000006,HIGH,2023-11-23 02:00:00,17463.701849,7.874115999999049,True,2023-11-23 06:00:00,4.0,2023
2023-11-23,2023-11-23 19:00:00,2023-11-24,17453.655564,17425.417357,17439.5364605,28.23820700000215,LOW,2023-11-24 02:00:00,17408.583041,16.83431599999676,True,2023-11-24 03:00:00,1.0,2023
2023-11-26,2023-11-26 19:00:00,2023-11-27,17362.152913,17310.835402,17336.4941575,51.317511000001105,HIGH,2023-11-27 02:00:00,17376.543537,14.390623999999661,False,,,2023
2023-11-27,2023-11-27 19:00:00,2023-11-28,17392.563289,17367.583337,17380.073313,24.979952000001504,LOW,2023-11-28 02:00:00,17342.060342,44.801000999999815,True,2023-11-28 04:00:00,2.0,2023
2023-11-28,2023-11-28 19:00:00,2023-11-29,17471.304443,17441.70863,17456.5065365,29.595812999999907,LOW,2023-11-29 02:00:00,17437.907333,3.801297000001796,True,2023-11-29 02:05:00,0.08333333333333333,2023
2023-11-29,2023-11-29 19:00:00,2023-11-30,17451.754915,17415.371072,17433.562993500003,36.383842999999615,LOW,2023-11-30 02:00:00,17411.298253,4.072819000000891,True,2023-11-30 02:30:00,0.5,2023
2023-11-30,2023-11-30 19:00:00,2023-12-01,17345.047076,17318.709517,17331.8782965,26.3375589999996,HIGH,2023-12-01 02:00:00,17361.60987,16.562794000001304,True,2023-12-01 02:10:00,0.16666666666666666,2023
2023-12-03,2023-12-03 19:00:00,2023-12-04,17363.510519,17335.272312,17349.391415500002,28.23820699999851,LOW,2023-12-04 02:00:00,17315.994305,19.278007000000798,True,2023-12-04 02:30:00,0.5,2023
2023-12-04,2023-12-04 19:00:00,2023-12-05,17214.173848,17151.723967,17182.948907500002,62.44988099999682,LOW,2023-12-05 02:00:00,17126.472493,25.2514740000006,True,2023-12-05 08:00:00,6.0,2023
2023-12-05,2023-12-05 19:00:00,2023-12-06,17366.225731,17337.444482,17351.8351065,28.78124899999966,LOW,2023-12-06 02:00:00,17330.38493,7.059551999998803,True,2023-12-06 02:10:00,0.16666666666666666,2023
2023-12-06,2023-12-06 19:00:00,2023-12-07,17185.664119,17151.995488,17168.8298035,33.66863100000046,HIGH,2023-12-07 02:00:00,17192.180629,14.662145999998756,True,2023-12-07 03:00:00,1.0,2023
2023-12-07,2023-12-07 19:00:00,2023-12-08,17408.854562,17384.417653,17396.636107500002,24.436909000000014,LOW,2023-12-08 02:00:00,17364.596604,19.82104900000195,True,2023-12-08 03:00:00,1.0,2023
2023-12-11,2023-12-11 19:00:00,2023-12-12,17667.342764,17642.905854,17655.124309,24.436910000000353,HIGH,2023-12-12 02:00:00,17669.712575,12.821931999998924,True,2023-12-12 02:45:00,0.75,2023
2023-12-12,2023-12-12 19:00:00,2023-12-13,17806.66216,17788.705952,17797.684056,17.956207999999606,HIGH,2023-12-13 02:00:00,17808.538182,7.77208999999857,True,2023-12-13 02:15:00,0.25,2023
2023-12-13,2023-12-13 19:00:00,2023-12-14,18100.929567,18063.677136,18082.3033515,37.2524310000008,LOW,2023-12-14 02:00:00,18056.441052,7.236084000000119,True,2023-12-14 02:10:00,0.16666666666666666,2023
2023-12-14,2023-12-14 19:00:00,2023-12-15,17989.70828,17953.259858,17971.484069,36.44842199999766,HIGH,2023-12-15 02:00:00,18011.952537,22.244257000002108,True,2023-12-15 07:00:00,5.0,2023
2023-12-17,2023-12-17 19:00:00,2023-12-18,18072.789241,18030.712754,18051.7509975,42.07648699999845,LOW,2023-12-18 02:00:00,18018.384612,12.32814199999848,True,2023-12-18 02:45:00,0.75,2023
2023-12-18,2023-12-18 19:00:00,2023-12-19,18158.014228,18128.533887,18143.2740575,29.48034099999859,HIGH,2023-12-19 02:00:00,18169.538362,11.524133999999322,False,,,2023
2023-12-19,2023-12-19 19:00:00,2023-12-20,18273.523566,18252.083317,18262.8034415,21.440248999999312,LOW,2023-12-20 02:00:00,18204.110762,47.972555000000284,False,,,2023
2023-12-20,2023-12-20 19:00:00,2023-12-21,18061.265108,18010.880525,18036.0728165,50.38458299999911,HIGH,2023-12-21 02:00:00,18093.42548,37.52043400000184,False,,,2023
2023-12-25,2023-12-25 19:00:00,2023-12-26,18255.031351,18215.098889,18235.06512,39.93246200000067,HIGH,2023-12-26 02:00:00,18262.535438,7.504086999997526,True,2023-12-26 03:00:00,1.0,2023
2023-12-26,2023-12-26 19:00:00,2023-12-27,18328.732205,18303.539913,18316.136059,25.192291999999725,LOW,2023-12-27 02:00:00,18302.199898,1.3400150000015856,True,2023-12-27 02:15:00,0.25,2023
2023-12-27,2023-12-27 19:00:00,2023-12-28,18391.176928,18366.252639,18378.7147835,24.924289000002318,HIGH,2023-12-28 02:00:00,18393.052949,2.9480340000009164,True,2023-12-28 07:00:00,5.0,2023
2023-12-28,2023-12-28 19:00:00,2023-12-29,18342.936369,18318.012081,18330.474224999998,24.92428799999834,HIGH,2023-12-29 02:00:00,18346.420409,21.70825100000002,True,2023-12-29 06:00:00,4.0,2023
2024-01-02,2024-01-02 19:00:00,2024-01-03,17925.119532,17890.815135,17907.9673335,34.30439699999988,LOW,2024-01-03 02:00:00,17872.858927,17.956207999999606,True,2024-01-03 02:30:00,0.5,2024
2024-01-03,2024-01-03 19:00:00,2024-01-04,17763.781664,17730.549279,17747.165471499997,33.23238499999934,HIGH,2024-01-04 02:00:00,17775.305797,14.740171000001283,True,2024-01-04 02:45:00,0.75,2024
2024-01-04,2024-01-04 19:00:00,2024-01-05,17654.972404,17582.343563,17618.6579835,72.62884100000156,LOW,2024-01-05 02:00:00,17579.127526,3.216036999998323,True,2024-01-05 02:15:00,0.25,2024
2024-01-07,2024-01-07 19:00:00,2024-01-08,17688.472792,17615.307945,17651.8903685,73.16484700000001,LOW,2024-01-08 02:00:00,17606.999849,9.648111999998946,True,2024-01-08 05:00:00,3.0,2024
2024-01-08,2024-01-08 19:00:00,2024-01-09,18005.520463,17980.328171,17992.924317,25.192291999999725,LOW,2024-01-09 02:00:00,17942.003727,38.32444400000168,False,,,2024
2024-01-09,2024-01-09 19:00:00,2024-01-10,18054.297027,18016.50859,18035.402808500003,37.78843699999925,HIGH,2024-01-10 02:00:00,18075.737276,24.92428899999868,True,2024-01-10 07:00:00,5.0,2024
2024-01-10,2024-01-10 19:00:00,2024-01-11,18239.487171,18195.802666,18217.644918500002,43.68450500000108,HIGH,2024-01-11 02:00:00,18241.899199,36.180419000000256,True,2024-01-11 04:00:00,2.0,2024
2024-01-11,2024-01-11 19:00:00,2024-01-12,18184.814538,18138.718005,18161.766271499997,46.09653299999991,LOW,2024-01-12 02:00:00,18135.233964,3.4840409999997064,True,2024-01-12 02:05:00,0.08333333333333333,2024
2024-01-14,2024-01-14 19:00:00,2024-01-15,18238.415159,18167.126334,18202.7707465,71.28882499999963,HIGH,2024-01-15 02:00:00,18238.951165,9.38010900000154,True,2024-01-15 02:45:00,0.75,2024
2024-01-15,2024-01-15 19:00:00,2024-01-16,18135.769971,18080.561331,18108.165651000003,55.20864000000074,LOW,2024-01-16 02:00:00,18028.568729,58.15667300000132,True,2024-01-16 06:00:00,4.0,2024
2024-01-16,2024-01-16 19:00:00,2024-01-17,18184.278532,18046.256934,18115.267733,138.02159799999936,LOW,2024-01-17 02:00:00,18039.82486,6.432074000000284,True,2024-01-17 06:00:00,4.0,2024
2024-01-17,2024-01-17 19:00:00,2024-01-18,18112.721704,18051.884999,18082.3033515,60.83670499999789,HIGH,2024-01-18 02:00:00,18123.441828,22.244257000002108,False,,,2024
2024-01-18,2024-01-18 19:00:00,2024-01-19,18415.56521,18364.912624,18390.238917000002,50.652586000000156,HIGH,2024-01-19 02:00:00,18426.285334,34.84040299999833,False,,,2024
2024-01-21,2024-01-21 19:00:00,2024-01-22,18834.186057,18792.377573,18813.281815000002,41.80848399999741,LOW,2024-01-22 02:00:00,18780.04943,12.328143000002456,True,2024-01-22 05:00:00,3.0,2024
2024-01-22,2024-01-22 19:00:00,2024-01-23,18747.085048,18714.120667,18730.602857500002,32.964381000001595,LOW,2024-01-23 02:00:00,18674.992214,39.128452999997535,True,2024-01-23 02:10:00,0.16666666666666666,2024
2024-01-23,2024-01-23 19:00:00,2024-01-24,18901.186832,18833.918054,18867.552443,67.26877799999784,HIGH,2024-01-24 02:00:00,18908.690919,23.31626999999935,False,,,2024
2024-01-24,2024-01-24 19:00:00,2024-01-25,18905.742885,18855.894308,18880.8185965,49.84857700000066,HIGH,2024-01-25 02:00:00,18926.647127,20.904242000000522,True,2024-01-25 02:05:00,0.08333333333333333,2024
2024-01-25,2024-01-25 19:00:00,2024-01-26,18803.901706,18738.240946,18771.071326,65.66075999999885,LOW,2024-01-26 02:00:00,18723.768778,14.472168000000238,True,2024-01-26 03:00:00,1.0,2024
2024-01-28,2024-01-28 19:00:00,2024-01-29,18817.301861,18756.197154,18786.7495075,61.1047069999986,HIGH,2024-01-29 02:00:00,18823.197929,33.23238499999934,False,,,2024
2024-01-29,2024-01-29 19:00:00,2024-01-30,19008.12007,18975.423692,18991.771881,32.69637800000055,LOW,2024-01-30 02:00:00,18937.635254,37.78843799999959,True,2024-01-30 02:30:00,0.5,2024
2024-01-30,2024-01-30 19:00:00,2024-01-31,18711.976642,18679.01226,18695.494451,32.96438200000193,HIGH,2024-01-31 02:00:00,18726.716812,14.740169999997306,True,2024-01-31 03:00:00,1.0,2024
2024-01-31,2024-01-31 19:00:00,2024-02-01,18573.955044,18510.438308,18542.196676,63.51673599999776,HIGH,2024-02-01 02:00:00,18579.851112,29.212338000001182,True,2024-02-01 08:00:00,6.0,2024
2024-02-01,2024-02-01 19:00:00,2024-02-02,18901.454836,18860.986367,18881.2206015,40.46846899999946,LOW,2024-02-02 02:00:00,18844.906181,16.08018600000287,True,2024-02-02 02:30:00,0.5,2024
2024-02-04,2024-02-04 19:00:00,2024-02-05,18980.515751,18936.027236,18958.2714935,44.48851499999728,HIGH,2024-02-05 02:00:00,18989.895859,21.976254000001063,True,2024-02-05 03:00:00,1.0,2024
2024-02-05,2024-02-05 19:00:00,2024-02-06,19030.364328,18979.711742,19005.038034999998,50.652586000000156,HIGH,2024-02-06 02:00:00,19047.248523,17.420202000001154,True,2024-02-06 03:00:00,1.0,2024
2024-02-07,2024-02-07 19:00:00,2024-02-08,19143.729641,19121.485383,19132.607512000002,22.244258000002446,LOW,2024-02-08 02:00:00,19106.745212,14.740170999997645,True,2024-02-08 02:05:00,0.08333333333333333,2024
2024-02-08,2024-02-08 19:00:00,2024-02-09,19158.201808,19137.833572,19148.01769,20.36823600000207,HIGH,2024-02-09 02:00:00,19200.010292,59.496688999999606,False,,,2024
2024-02-11,2024-02-11 19:00:00,2024-02-12,19339.907912,19312.839598,19326.373755,27.0683140000001,HIGH,2024-02-12 02:00:00,19355.720095,15.812183000001824,True,2024-02-12 07:00:00,5.0,2024
2024-02-12,2024-02-12 19:00:00,2024-02-13,19253.610913,19210.730416,19232.1706645,42.880497000001924,LOW,2024-02-13 02:00:00,19177.766035,32.96438099999796,True,2024-02-13 02:15:00,0.25,2024
2024-02-13,2024-02-13 19:00:00,2024-02-14,18980.515751,18941.655301,18961.085526,38.86045000000013,HIGH,2024-02-14 02:00:00,19020.448213,54.94063599999936,False,,,2024
2024-02-14,2024-02-14 19:00:00,2024-02-15,19189.558171,19128.98947,19159.2738205,60.56870100000015,HIGH,2024-02-15 02:00:00,19217.430494,27.872322999999597,True,2024-02-15 08:00:00,6.0,2024
2024-02-15,2024-02-15 19:00:00,2024-02-16,19247.982848,19201.082305,19224.5325765,46.90054299999974,HIGH,2024-02-16 02:00:00,19270.495108,61.64071300000069,True,2024-02-16 07:00:00,5.0,2024
2024-02-18,2024-02-18 19:00:00,2024-02-19,19085.572967,19024.736263,19055.154615,60.83670400000119,LOW,2024-02-19 02:00:00,19016.160164,8.576098999998067,True,2024-02-19 02:30:00,0.5,2024
2024-02-19,2024-02-19 19:00:00,2024-02-20,19031.43634,18939.511276,18985.473808000002,91.92506399999911,LOW,2024-02-20 02:00:00,18906.010888,33.500388000000385,True,2024-02-20 02:05:00,0.08333333333333333,2024
2024-02-20,2024-02-20 19:00:00,2024-02-21,18840.618131,18801.489678,18821.0539045,39.128452999997535,LOW,2024-02-21 02:00:00,18775.225374,26.264304000000266,True,2024-02-21 02:10:00,0.16666666666666666,2024
2024-02-21,2024-02-21 19:00:00,2024-02-22,19113.981296,19038.136418,19076.058857,75.84487800000352,HIGH,2024-02-22 02:00:00,19171.601963,72.09283499999947,False,,,2024
2024-02-22,2024-02-22 19:00:00,2024-02-23,19354.916086,19320.611688,19337.763887,34.30439800000022,LOW,2024-02-23 02:00:00,19310.42757,10.184118000001035,True,2024-02-23 02:30:00,0.5,2024
2024-02-25,2024-02-25 19:00:00,2024-02-26,19258.434969,19213.142444,19235.788706500003,45.29252500000075,HIGH,2024-02-26 02:00:00,19265.939055,7.504085999997187,False,,,2024
2024-02-26,2024-02-26 19:00:00,2024-02-27,19261.919009,19218.502506,19240.2107575,43.416503000000375,HIGH,2024-02-27 02:00:00,19285.503282,23.584273000000394,True,2024-02-27 08:00:00,6.0,2024
2024-02-27,2024-02-27 19:00:00,2024-02-28,19314.447617,19276.927183,19295.687400000003,37.52043400000184,LOW,2024-02-28 02:00:00,19261.115,46.90054299999974,False,,,2024
2024-02-28,2024-02-28 19:00:00,2024-02-29,19221.45054,19180.446066,19200.948303,41.00447400000121,LOW,2024-02-29 02:00:00,19175.086004,70.75282000000152,True,2024-02-29 07:00:00,5.0,2024
2024-02-29,2024-02-29 19:00:00,2024-03-01,19448.985175,19374.212309,19411.598742000002,74.77286600000298,HIGH,2024-03-01 02:00:00,19461.849324,15.00817299999835,True,2024-03-01 04:00:00,2.0,2024
2024-03-03,2024-03-03 19:00:00,2024-03-04,19684.023896,19656.151573,19670.087734499997,27.872322999999597,HIGH,2024-03-04 02:00:00,19686.703927,9.91611499999999,True,2024-03-04 03:00:00,1.0,2024
2024-03-04,2024-03-04 19:00:00,2024-03-05,19541.446245,19475.785485,19508.615865,65.66075999999885,LOW,2024-03-05 02:00:00,19442.017094,33.76839100000143,False,,,2024
2024-03-05,2024-03-05 19:00:00,2024-03-06,19283.359257,19235.386702,19259.3729795,47.972555000000284,HIGH,2024-03-06 02:00:00,19337.495884,54.13662699999986,False,,,2024
2024-03-06,2024-03-06 19:00:00,2024-03-07,19291.39935,19223.594565,19257.4969575,67.80478500000027,LOW,2024-03-07 02:00:00,19205.90636,17.68820499999856,True,2024-03-07 02:05:00,0.08333333333333333,2024
2024-03-07,2024-03-07 19:00:00,2024-03-08,19628.547254,19572.266602,19600.406928,56.28065200000128,HIGH,2024-03-08 02:00:00,19676.251806,47.70455199999924,True,2024-03-08 05:00:00,3.0,2024
2024-03-12,2024-03-12 19:00:00,2024-03-13,19550.073916,19506.448932,19528.261424,43.62498400000186,HIGH,2024-03-13 02:00:00,19563.822396,19.565145000000484,True,2024-03-13 03:00:00,1.0,2024
2024-03-13,2024-03-13 19:00:00,2024-03-14,19445.902742,19410.738361,19428.3205515,35.164380999998684,HIGH,2024-03-14 02:00:00,19454.098951,14.01287400000001,True,2024-03-14 07:00:00,5.0,2024
2024-03-17,2024-03-17 19:00:00,2024-03-18,19204.511164,19103.512716,19154.01194,100.99844799999846,HIGH,2024-03-18 02:00:00,19208.212678,10.575753000000987,False,,,2024
2024-03-19,2024-03-19 19:00:00,2024-03-20,19320.315667,19276.955077,19298.635371999997,43.36059000000023,HIGH,2024-03-20 02:00:00,19331.420208,11.104541000000609,True,2024-03-20 03:00:00,1.0,2024
2024-03-20,2024-03-20 19:00:00,2024-03-21,19686.501139,19627.012525,19656.756832,59.48861400000169,HIGH,2024-03-21 02:00:00,19711.089767,55.52270700000008,False,,,2024
2024-03-24,2024-03-24 19:00:00,2024-03-25,19672.223872,19620.138285,19646.181078499998,52.08558699999776,LOW,2024-03-25 02:00:00,19602.159503,17.978782000001956,False,,,2024
2024-03-25,2024-03-25 19:00:00,2024-03-26,19624.368586,19582.858753,19603.613669500002,41.50983300000007,HIGH,2024-03-26 02:00:00,19680.420081,56.051494999999704,False,,,2024
2024-03-26,2024-03-26 19:00:00,2024-03-27,19590.526174,19545.843615,19568.184894500002,44.68255899999713,LOW,2024-03-27 02:00:00,19533.945892,11.89772300000186,True,2024-03-27 03:00:00,1.0,2024
2024-04-01,2024-04-01 19:00:00,2024-04-02,19555.097399,19519.139837,19537.118618,35.9575619999996,LOW,2024-04-02 02:00:00,19509.092871,10.046965999998065,True,2024-04-02 02:15:00,0.25,2024
2024-04-02,2024-04-02 19:00:00,2024-04-03,19384.563371,19324.281575,19354.422473,60.281795999999304,LOW,2024-04-03 02:00:00,19315.556578,8.724997000001167,True,2024-04-03 03:00:00,1.0,2024
2024-04-03,2024-04-03 19:00:00,2024-04-04,19524.692107,19491.642877,19508.167492,33.049230000000534,LOW,2024-04-04 02:00:00,19474.986065,20.887113999997382,True,2024-04-04 02:30:00,0.5,2024
2024-04-04,2024-04-04 19:00:00,2024-04-05,19169.346783,19092.672568,19131.0096755,76.6742149999991,HIGH,2024-04-05 02:00:00,19170.933146,15.070448999998916,True,2024-04-05 07:00:00,5.0,2024
2024-04-07,2024-04-07 19:00:00,2024-04-08,19389.586854,19322.166424,19355.876639000002,67.42043000000194,HIGH,2024-04-08 02:00:00,19400.955789,11.3689349999986,True,2024-04-08 02:10:00,0.16666666666666666,2024
2024-04-08,2024-04-08 19:00:00,2024-04-09,19379.539888,19337.765661,19358.6527745,41.77422699999806,LOW,2024-04-09 02:00:00,19317.671728,20.093933000000106,True,2024-04-09 02:30:00,0.5,2024
2024-04-09,2024-04-09 19:00:00,2024-04-10,19450.397438,19424.222447,19437.3099425,26.174990999999864,HIGH,2024-04-10 02:00:00,19461.766373,11.3689349999986,True,2024-04-10 02:05:00,0.08333333333333333,2024
2024-04-10,2024-04-10 19:00:00,2024-04-11,19261.091446,19195.786167,19228.4388065,65.30527900000016,HIGH,2024-04-11 02:00:00,19265.321748,4.230301999999938,True,2024-04-11 03:00:00,1.0,2024
2024-04-11,2024-04-11 19:00:00,2024-04-12,19565.144365,19538.440587,19551.792476000002,26.703777999999147,LOW,2024-04-12 02:00:00,19529.186803,9.25378400000045,True,2024-04-12 02:10:00,0.16666666666666666,2024
2024-04-14,2024-04-14 19:00:00,2024-04-15,19314.499002,19239.939939,19277.2194705,74.5590630000006,HIGH,2024-04-15 02:00:00,19342.789144,28.290141999998013,False,,,2024
2024-04-16,2024-04-16 19:00:00,2024-04-17,18970.522613,18868.995377,18919.758995,101.52723600000172,LOW,2024-04-17 02:00:00,18846.521901,22.47347599999921,True,2024-04-17 03:00:00,1.0,2024
2024-04-17,2024-04-17 19:00:00,2024-04-18,18777.779502,18696.874986,18737.327244,80.90451600000233,HIGH,2024-04-18 02:00:00,18787.826468,10.046965999998065,True,2024-04-18 03:00:00,1.0,2024
2024-04-21,2024-04-21 19:00:00,2024-04-22,18277.810745,18191.089564,18234.450154500002,86.72118099999716,HIGH,2024-04-22 02:00:00,18297.904677,20.093931999999768,True,2024-04-22 03:00:00,1.0,2024
2024-04-22,2024-04-22 19:00:00,2024-04-23,18340.736479,18287.064529,18313.900503999997,53.671949999999924,HIGH,2024-04-23 02:00:00,18370.084196,29.347717000000557,False,,,2024
2024-04-25,2024-04-25 19:00:00,2024-04-26,18810.564338,18763.766628,18787.165483,46.797709999998915,LOW,2024-04-26 02:00:00,18756.099206,7.6674220000022615,True,2024-04-26 02:30:00,0.5,2024
2024-04-30,2024-04-30 19:00:00,2024-05-01,18538.503074,18506.511419,18522.507246499998,31.99165500000163,LOW,2024-05-01 02:00:00,18488.00385,47.32649799999854,True,2024-05-01 07:00:00,5.0,2024
2024-05-01,2024-05-01 19:00:00,2024-05-02,18572.345486,18525.283382,18548.814434,47.06210399999691,HIGH,2024-05-02 02:00:00,18600.635627,28.290141000001313,True,2024-05-02 02:05:00,0.08333333333333333,2024
2024-05-02,2024-05-02 19:00:00,2024-05-03,18811.093126,18758.743145,18784.9181355,52.34998099999939,LOW,2024-05-03 02:00:00,18739.706788,19.036357000000862,True,2024-05-03 03:00:00,1.0,2024
2024-05-05,2024-05-05 19:00:00,2024-05-06,19051.691523,19019.17108,19035.4313015,32.52044300000125,HIGH,2024-05-06 02:00:00,19064.118033,15.070448999998916,False,,,2024
2024-05-06,2024-05-06 19:00:00,2024-05-07,19237.560394,19214.822524,19226.191459,22.73787000000084,LOW,2024-05-07 02:00:00,19209.270253,5.552271000000474,True,2024-05-07 02:15:00,0.25,2024
2024-05-08,2024-05-08 19:00:00,2024-05-09,19223.283127,19189.176321,19206.229723999997,34.10680599999978,LOW,2024-05-09 02:00:00,19177.014204,25.910596999998234,True,2024-05-09 02:05:00,0.08333333333333333,2024
2024-05-09,2024-05-09 19:00:00,2024-05-10,19286.473255,19262.149021,19274.311138,24.324233999999706,HIGH,2024-05-10 02:00:00,19330.362633,43.88937799999985,False,,,2024
2024-05-13,2024-05-13 19:00:00,2024-05-14,19342.789144,19314.234609,19328.5118765,28.554534999999305,HIGH,2024-05-14 02:00:00,19351.249747,8.460603000003175,True,2024-05-14 07:00:00,5.0,2024
2024-05-14,2024-05-14 19:00:00,2024-05-15,19499.839086,19459.122434,19479.48076,40.71665199999916,LOW,2024-05-15 02:00:00,19451.983801,7.138633000002301,True,2024-05-15 04:00:00,2.0,2024
2024-05-15,2024-05-15 19:00:00,2024-05-16,19817.640485,19790.407919,19804.024202,27.23256599999877,LOW,2024-05-16 02:00:00,19788.292769,2.1151500000014494,True,2024-05-16 02:15:00,0.25,2024
2024-05-16,2024-05-16 19:00:00,2024-05-17,19741.759452,19717.964006,19729.861728999997,23.795446000000084,LOW,2024-05-17 02:00:00,19717.170825,0.7931809999972756,True,2024-05-17 02:05:00,0.08333333333333333,2024
2024-05-19,2024-05-19 19:00:00,2024-05-20,19754.714751,19732.770062,19743.7424065,21.944688999999926,LOW,2024-05-20 02:00:00,19728.804154,3.965907999998308,True,2024-05-20 03:00:00,1.0,2024
2024-05-20,2024-05-20 19:00:00,2024-05-21,19839.585174,19820.02003,19829.802602,19.565144000000146,HIGH,2024-05-21 02:00:00,19843.551082,3.9659080000019458,True,2024-05-21 02:15:00,0.25,2024
2024-05-21,2024-05-21 19:00:00,2024-05-22,19907.798786,19889.291217,19898.545001500002,18.507568999997602,LOW,2024-05-22 02:00:00,19875.542737,18.50756900000124,True,2024-05-22 08:00:00,6.0,2024
2024-05-23,2024-05-23 19:00:00,2024-05-24,19809.70867,19770.313987,19790.0113285,39.39468299999862,LOW,2024-05-24 02:00:00,19768.46323,11.89772300000186,True,2024-05-24 03:00:00,1.0,2024
2024-05-26,2024-05-26 19:00:00,2024-05-27,19956.182859,19917.845752,19937.0143055,38.33710699999938,HIGH,2024-05-27 02:00:00,19974.16164,17.97878099999798,False,,,2024
2024-05-27,2024-05-27 19:00:00,2024-05-28,20021.752532,19972.310883,19997.0317075,49.441649000000325,HIGH,2024-05-28 02:00:00,20030.477529,12.162116999999853,True,2024-05-28 07:00:00,5.0,2024
2024-05-28,2024-05-28 19:00:00,2024-05-29,20025.189652,19942.434379,19983.8120155,82.75527300000249,LOW,2024-05-29 02:00:00,19930.272262,12.162116999999853,False,,,2024
2024-06-02,2024-06-02 19:00:00,2024-06-03,19731.183699,19661.383724,19696.2837115,69.79997500000172,HIGH,2024-06-03 02:00:00,19748.104905,16.921205999999074,True,2024-06-03 02:30:00,0.5,2024
2024-06-03,2024-06-03 19:00:00,2024-06-04,19752.335206,19710.032191,19731.183698499997,42.303015000001324,LOW,2024-06-04 02:00:00,19636.001915,74.03027599999768,False,,,2024
2024-06-04,2024-06-04 19:00:00,2024-06-05,19846.459414,19792.787464,19819.623439000003,53.671949999999924,LOW,2024-06-05 02:00:00,19779.832166,12.955298000000766,True,2024-06-05 03:00:00,1.0,2024
2024-06-06,2024-06-06 19:00:00,2024-06-07,20199.953982,20165.318388,20182.636185,34.6355939999994,HIGH,2024-06-07 02:00:00,20202.333526,2.3795439999994414,True,2024-06-07 02:15:00,0.25,2024
2024-06-09,2024-06-09 19:00:00,2024-06-10,20148.397182,20109.795681,20129.096431500002,38.60150100000101,LOW,2024-06-10 02:00:00,20086.000236,23.795444999999745,True,2024-06-10 05:00:00,3.0,2024
2024-06-12,2024-06-12 19:00:00,2024-06-13,20771.309076,20726.097729,20748.703402500003,45.21134700000039,HIGH,2024-06-13 02:00:00,20782.149224,33.049229999996896,True,2024-06-13 04:00:00,2.0,2024
2024-06-13,2024-06-13 19:00:00,2024-06-14,20778.183316,20741.168178,20759.675747,37.01513799999884,LOW,2024-06-14 02:00:00,20736.937876,4.230301999999938,True,2024-06-14 02:05:00,0.08333333333333333,2024
2024-06-16,2024-06-16 19:00:00,2024-06-17,20852.477986,20818.106786,20835.292386,34.37120000000141,HIGH,2024-06-17 02:00:00,20855.274827,18.714507999997295,True,2024-06-17 03:00:00,1.0,2024
2024-06-17,2024-06-17 19:00:00,2024-06-18,21089.864703,21040.54603,21065.2053665,49.31867299999794,HIGH,2024-06-18 02:00:00,21100.824408,10.959705000001122,True,2024-06-18 08:00:00,6.0,2024
2024-06-18,2024-06-18 19:00:00,2024-06-19,21113.08884,21093.517938,21103.303389,19.570901999999478,HIGH,2024-06-19 02:00:00,21124.831381,11.742540999999619,False,,,2024
2024-06-19,2024-06-19 19:00:00,2024-06-20,21223.729671,21120.656255,21172.192963,103.07341599999927,HIGH,2024-06-20 02:00:00,21262.871475,39.141803999998956,True,2024-06-20 07:00:00,5.0,2024
2024-06-20,2024-06-20 19:00:00,2024-06-21,20955.999735,20909.551461,20932.775598,46.44827400000213,LOW,2024-06-21 02:00:00,20879.803691,29.747769999998127,True,2024-06-21 02:05:00,0.08333333333333333,2024
2024-06-23,2024-06-23 19:00:00,2024-06-24,20895.199467,20790.560378,20842.879922499997,104.63908900000024,HIGH,2024-06-24 02:00:00,20905.898226,10.69875900000261,True,2024-06-24 04:00:00,2.0,2024
2024-06-24,2024-06-24 19:00:00,2024-06-25,20677.831984,20607.115792,20642.473888,70.71619199999986,LOW,2024-06-25 02:00:00,20595.373251,11.742540999999619,True,2024-06-25 03:00:00,1.0,2024
2024-06-25,2024-06-25 19:00:00,2024-06-26,20893.111904,20838.052433,20865.5821685,55.059471000000485,HIGH,2024-06-26 02:00:00,20895.721357,54.798524999998335,True,2024-06-26 06:00:00,4.0,2024
2024-06-26,2024-06-26 19:00:00,2024-06-27,20831.789745,20744.37305,20788.0813975,87.41669499999989,HIGH,2024-06-27 02:00:00,20847.707412,15.91766700000153,False,,,2024
2024-06-30,2024-06-30 19:00:00,2024-07-01,20884.500707,20804.129537,20844.315122,80.37116999999853,LOW,2024-07-01 02:00:00,20803.607646,0.5218910000003234,True,2024-07-01 02:30:00,0.5,2024
2024-07-01,2024-07-01 19:00:00,2024-07-02,20903.027827,20835.703925,20869.365876000003,67.32390200000009,LOW,2024-07-02 02:00:00,20827.353674,27.138317000000825,True,2024-07-02 08:00:00,6.0,2024
2024-07-02,2024-07-02 19:00:00,2024-07-03,21139.705266,21117.263965,21128.484615499998,22.441301000002568,HIGH,2024-07-03 02:00:00,21142.31472,2.6094539999976405,True,2024-07-03 02:05:00,0.08333333333333333,2024
2024-07-04,2024-07-04 19:00:00,2024-07-05,21326.542142,21283.747103,21305.1446225,42.795038999996905,HIGH,2024-07-05 02:00:00,21346.113044,24.0069730000032,True,2024-07-05 07:00:00,5.0,2024
2024-07-07,2024-07-07 19:00:00,2024-07-08,21504.767821,21480.238957,21492.503389,24.528863999999885,HIGH,2024-07-08 02:00:00,21506.855384,5.479852000000392,True,2024-07-08 02:05:00,0.08333333333333333,2024
2024-07-09,2024-07-09 19:00:00,2024-07-10,21624.280794,21602.361384,21613.321088999997,21.919409999998607,HIGH,2024-07-10 02:00:00,21627.151193,2.87039900000309,True,2024-07-10 02:05:00,0.08333333333333333,2024
2024-07-14,2024-07-14 19:00:00,2024-07-15,21515.988471,21448.403624,21482.1960475,67.5848470000019,HIGH,2024-07-15 02:00:00,21526.426285,19.83184699999765,False,,,2024
2024-07-15,2024-07-15 19:00:00,2024-07-16,21559.3054,21521.729269,21540.5173345,37.576131000001624,LOW,2024-07-16 02:00:00,21463.538454,58.19081499999811,True,2024-07-16 06:00:00,4.0,2024
2024-07-16,2024-07-16 19:00:00,2024-07-17,21480.238957,21405.086694,21442.662825500003,75.15226299999995,LOW,2024-07-17 02:00:00,21316.626218,167.26597400000173,False,,,2024
2024-07-17,2024-07-17 19:00:00,2024-07-18,20959.131079,20901.723101,20930.427089999997,57.407977999999275,HIGH,2024-07-18 02:00:00,21026.194036,67.06295700000192,True,2024-07-18 02:30:00,0.5,2024
2024-07-18,2024-07-18 19:00:00,2024-07-19,20839.096215,20808.043717,20823.569966000003,31.052498000000924,LOW,2024-07-19 02:00:00,20618.336443,189.70727400000033,True,2024-07-19 08:00:00,6.0,2024
2024-07-21,2024-07-21 19:00:00,2024-07-22,20691.923033,20582.065038,20636.9940355,109.85799499999848,HIGH,2024-07-22 02:00:00,20706.535973,14.612939999999071,True,2024-07-22 02:15:00,0.25,2024
2024-07-22,2024-07-22 19:00:00,2024-07-23,20843.010395,20783.253908,20813.1321515,59.75648700000238,LOW,2024-07-23 02:00:00,20738.110362,45.14354599999933,True,2024-07-23 04:00:00,2.0,2024
2024-07-23,2024-07-23 19:00:00,2024-07-24,20706.796919,20584.674492,20645.7357055,122.12242700000206,LOW,2024-07-24 02:00:00,20570.844388,13.830103999996936,False,,,2024
2024-07-24,2024-07-24 19:00:00,2024-07-25,20148.6348,20057.303925,20102.9693625,91.33087499999965,LOW,2024-07-25 02:00:00,20001.983509,55.32041599999866,False,,,2024
2024-07-25,2024-07-25 19:00:00,2024-07-26,19952.664837,19851.418038,19902.0414375,101.24679900000046,HIGH,2024-07-26 02:00:00,19963.885487,39.40274900000077,True,2024-07-26 08:00:00,6.0,2024
2024-07-28,2024-07-28 19:00:00,2024-07-29,20176.295008,20080.789007,20128.5420075,95.50600100000156,LOW,2024-07-29 02:00:00,20061.218105,19.570901999999478,True,2024-07-29 02:10:00,0.16666666666666666,2024
2024-07-29,2024-07-29 19:00:00,2024-07-30,20048.953674,19911.174525,19980.0640995,137.77914900000178,HIGH,2024-07-30 02:00:00,20065.915122,45.665436999999656,False,,,2024
2024-07-30,2024-07-30 19:00:00,2024-07-31,20066.958903,19848.025749,19957.492326,218.93315399999847,HIGH,2024-07-31 02:00:00,20079.745226,12.786323000000266,False,,,2024
2024-07-31,2024-07-31 19:00:00,2024-08-01,20580.238421,20477.686895,20528.962657999997,102.55152599999928,LOW,2024-08-01 02:00:00,20446.634398,31.052497000000585,True,2024-08-01 08:00:00,6.0,2024
2024-08-01,2024-08-01 19:00:00,2024-08-02,19762.957562,19504.099768,19633.528664999998,258.85779399999956,LOW,2024-08-02 02:00:00,19457.390549,46.7092190000003,False,,,2024
2024-08-05,2024-08-05 19:00:00,2024-08-06,19244.198192,19026.047874,19135.123033,218.15031799999997,LOW,2024-08-06 02:00:00,19019.52424,7.3064699999995355,False,,,2024
2024-08-11,2024-08-11 19:00:00,2024-08-12,19484.267921,19396.06839,19440.1681555,88.19953099999839,HIGH,2024-08-12 02:00:00,19509.05773,24.789809000001696,True,2024-08-12 02:15:00,0.25,2024
2024-08-12,2024-08-12 19:00:00,2024-08-13,19530.716195,19452.954478,19491.8353365,77.76171700000123,HIGH,2024-08-13 02:00:00,19616.306272,110.3798859999988,True,2024-08-13 05:00:00,3.0,2024
2024-08-15,2024-08-15 19:00:00,2024-08-16,20528.049349,20433.065239,20480.557294,94.98411000000124,HIGH,2024-08-16 02:00:00,20539.27,11.220650999999634,True,2024-08-16 03:00:00,1.0,2024
2024-08-18,2024-08-18 19:00:00,2024-08-19,20549.968759,20434.891857,20492.430308,115.0769020000007,LOW,2024-08-19 02:00:00,20417.930409,16.9614479999982,True,2024-08-19 07:00:00,5.0,2024
2024-08-19,2024-08-19 19:00:00,2024-08-20,20786.385253,20713.842443,20750.113848,72.54280999999901,HIGH,2024-08-20 02:00:00,20803.607646,17.22239300000001,True,2024-08-20 03:00:00,1.0,2024
2024-08-22,2024-08-22 19:00:00,2024-08-23,20562.755082,20491.777945,20527.2665135,70.97713699999804,HIGH,2024-08-23 02:00:00,20569.01777,8.08930600000167,False,,,2024
2024-08-25,2024-08-25 19:00:00,2024-08-26,20700.273285,20615.726989,20658.000137,84.54629600000044,HIGH,2024-08-26 02:00:00,20705.492192,5.218907000002218,True,2024-08-26 02:05:00,0.08333333333333333,2024
2024-08-27,2024-08-27 19:00:00,2024-08-28,20495.43118,20436.196584,20465.813882000002,59.23459599999842,HIGH,2024-08-28 02:00:00,20515.002081,19.57090099999914,True,2024-08-28 07:00:00,5.0,2024
2024-08-28,2024-08-28 19:00:00,2024-08-29,20175.773117,20031.73128,20103.7521985,144.04183700000067,HIGH,2024-08-29 02:00:00,20221.438555,66.8020120000001,False,,,2024
2024-08-29,2024-08-29 19:00:00,2024-08-30,20334.949785,20243.097019,20289.023402,91.85276599999997,HIGH,2024-08-30 02:00:00,20394.967217,60.017432000000554,False,,,2024
2024-09-01,2024-09-01 19:00:00,2024-09-02,20487.080928,20421.844589,20454.462758499998,65.23633899999913,LOW,2024-09-02 02:00:00,20405.665977,56.62514300000112,True,2024-09-02 05:00:00,3.0,2024
2024-09-02,2024-09-02 19:00:00,2024-09-03,20466.988136,20368.350791,20417.669463500002,98.63734499999919,HIGH,2024-09-03 02:00:00,20478.991622,37.8370759999998,True,2024-09-03 03:00:00,1.0,2024
2024-09-05,2024-09-05 19:00:00,2024-09-06,19743.647606,19613.696818,19678.672211999998,129.95078799999828,LOW,2024-09-06 02:00:00,19526.802014,86.89480399999957,True,2024-09-06 07:00:00,5.0,2024
2024-09-08,2024-09-08 19:00:00,2024-09-09,19398.155953,19249.93899,19324.047471500002,148.21696300000258,HIGH,2024-09-09 02:00:00,19411.203221,38.61991299999863,False,,,2024
2024-09-11,2024-09-11 19:00:00,2024-09-12,20175.512172,20076.091991,20125.802081499998,99.42018099999768,HIGH,2024-09-12 02:00:00,20186.210931,10.69875900000261,True,2024-09-12 02:45:00,0.75,2024
2024-09-15,2024-09-15 19:00:00,2024-09-16,20399.925179,20349.82367,20374.8744245,50.10150900000008,LOW,2024-09-16 02:00:00,20339.646801,10.176869000002625,True,2024-09-16 02:45:00,0.75,2024
2024-09-16,2024-09-16 19:00:00,2024-09-17,20312.023866,20252.751997,20282.3879315,59.27186900000015,HIGH,2024-09-17 02:00:00,20368.241998,56.21813200000179,False,,,2024
2024-09-17,2024-09-17 19:00:00,2024-09-18,20337.038356,20290.103952,20313.571154,46.93440399999963,HIGH,2024-09-18 02:00:00,20348.643016,11.604660000000877,True,2024-09-18 02:15:00,0.25,2024
2024-09-18,2024-09-18 19:00:00,2024-09-19,20518.58682,20298.356155,20408.4714875,220.23066499999914,HIGH,2024-09-19 02:00:00,20557.01114,52.86567500000092,False,,,2024
2024-09-22,2024-09-22 19:00:00,2024-09-23,20799.677483,20687.499099,20743.588291,112.17838399999891,LOW,2024-09-23 02:00:00,20584.346562,103.15253700000176,False,,,2024
2024-09-23,2024-09-23 19:00:00,2024-09-24,20743.975113,20653.716643,20698.845878,90.25847000000067,HIGH,2024-09-24 02:00:00,20771.310535,45.129235000000335,True,2024-09-24 06:00:00,4.0,2024
2024-09-24,2024-09-24 19:00:00,2024-09-25,20819.276465,20721.281555,20770.27901,97.99490999999762,LOW,2024-09-25 02:00:00,20696.782827,24.498728000002302,True,2024-09-25 05:00:00,3.0,2024
2024-09-25,2024-09-25 19:00:00,2024-09-26,21065.295264,20915.208324,20990.251794,150.08694000000105,HIGH,2024-09-26 02:00:00,21118.160939,80.71686000000045,False,,,2024
2024-09-26,2024-09-26 19:00:00,2024-09-27,21000.309166,20918.818662,20959.563914,81.4905039999976,LOW,2024-09-27 02:00:00,20911.082222,45.90287800000078,True,2024-09-27 03:00:00,1.0,2024
2024-09-30,2024-09-30 19:00:00,2024-10-01,20972.715863,20859.505954,20916.1109085,113.20990900000106,LOW,2024-10-01 02:00:00,20852.285276,7.220678000001499,True,2024-10-01 02:05:00,0.08333333333333333,2024
2024-10-02,2024-10-02 19:00:00,2024-10-03,20687.75698,20559.074191,20623.4155855,128.6827889999986,LOW,2024-10-03 02:00:00,20545.148599,81.23262299999988,True,2024-10-03 07:00:00,5.0,2024
2024-10-06,2024-10-06 19:00:00,2024-10-07,20902.572138,20819.534346,20861.053242,83.03779199999917,LOW,2024-10-07 02:00:00,20818.760702,52.349912000001495,False,,,2024
2024-10-07,2024-10-07 19:00:00,2024-10-08,20662.226728,20584.088681,20623.1577045,78.13804700000037,LOW,2024-10-08 02:00:00,20571.194614,12.894067000001087,True,2024-10-08 02:10:00,0.16666666666666666,2024
2024-10-08,2024-10-08 19:00:00,2024-10-09,20928.876035,20860.279598,20894.5778165,68.59643700000015,LOW,2024-10-09 02:00:00,20857.700784,27.593304000001808,True,2024-10-09 04:00:00,2.0,2024
2024-10-09,2024-10-09 19:00:00,2024-10-10,21119.450346,21079.994501,21099.722423500003,39.45584500000041,LOW,2024-10-10 02:00:00,21056.527299,23.467201999999816,True,2024-10-10 07:00:00,5.0,2024
2024-10-10,2024-10-10 19:00:00,2024-10-11,21113.519075,21058.074587,21085.796831,55.444488000001,LOW,2024-10-11 02:00:00,21046.212045,44.09770999999819,False,,,2024
2024-10-13,2024-10-13 19:00:00,2024-10-14,21077.673569,21025.839419,21051.756494,51.83414999999877,HIGH,2024-10-14 02:00:00,21087.988822,34.55610000000161,False,,,2024
2024-10-14,2024-10-14 19:00:00,2024-10-15,21287.846862,21239.107289,21263.4770755,48.73957299999893,LOW,2024-10-15 02:00:00,21236.270594,2.8366949999981443,True,2024-10-15 02:30:00,0.5,2024
2024-10-15,2024-10-15 19:00:00,2024-10-16,21041.570181,20981.74171,21011.6559455,59.82847100000072,LOW,2024-10-16 02:00:00,20970.910693,10.831016999996791,True,2024-10-16 02:05:00,0.08333333333333333,2024
2024-10-16,2024-10-16 19:00:00,2024-10-17,20989.220269,20915.981968,20952.601118500002,73.23830100000123,HIGH,2024-10-17 02:00:00,21093.920093,111.14685800000007,False,,,2024
2024-10-17,2024-10-17 19:00:00,2024-10-18,21050.338147,20961.369084,21005.8536155,88.96906299999682,HIGH,2024-10-18 02:00:00,21081.79967,50.2868610000005,False,,,2024
2024-10-20,2024-10-20 19:00:00,2024-10-21,21170.510852,21088.762466,21129.636659,81.7483859999993,LOW,2024-10-21 02:00:00,21071.226535,17.535930999998527,True,2024-10-21 08:00:00,6.0,2024
2024-10-22,2024-10-22 19:00:00,2024-10-23,21183.404919,21138.533565,21160.969242,44.87135399999897,HIGH,2024-10-23 02:00:00,21190.109834,6.7049149999984365,True,2024-10-23 02:05:00,0.08333333333333333,2024
2024-10-23,2024-10-23 19:00:00,2024-10-24,20984.836286,20915.208324,20950.022305,69.6279620000023,HIGH,2024-10-24 02:00:00,21030.739165,45.90287899999748,True,2024-10-24 08:00:00,6.0,2024
2024-10-24,2024-10-24 19:00:00,2024-10-25,21056.269417,21006.7562,21031.5128085,49.51321699999971,HIGH,2024-10-25 02:00:00,21083.346958,27.077540999998746,True,2024-10-25 02:15:00,0.25,2024
2024-10-28,2024-10-28 19:00:00,2024-10-29,21170.510852,21095.725263,21133.1180575,74.78558899999916,HIGH,2024-10-29 02:00:00,21199.909325,32.23516699999891,True,2024-10-29 03:00:00,1.0,2024
2024-10-30,2024-10-30 19:00:00,2024-10-31,21108.877211,21026.613063,21067.745136999998,82.26414799999839,LOW,2024-10-31 02:00:00,20977.099846,79.16957199999888,False,,,2024
2024-11-04,2024-11-04 19:00:00,2024-11-05,20759.190112,20673.573507,20716.381809500002,85.61660499999925,HIGH,2024-11-05 02:00:00,20763.574095,23.725083000001177,False,,,2024
2024-11-05,2024-11-05 19:00:00,2024-11-06,21320.855674,21020.939674,21170.897674,299.91599999999744,HIGH,2024-11-06 02:00:00,21346.901689,63.95457300000271,False,,,2024
2024-11-07,2024-11-07 19:00:00,2024-11-08,21933.581741,21884.326405,21908.954073,49.25533600000199,LOW,2024-11-08 02:00:00,21879.942422,4.383982999999716,True,2024-11-08 02:05:00,0.08333333333333333,2024
2024-11-10,2024-11-10 19:00:00,2024-11-11,21971.490299,21928.166233,21949.828266,43.32406600000104,HIGH,2024-11-11 02:00:00,21995.731145,24.2408460000006,True,2024-11-11 03:00:00,1.0,2024
2024-11-12,2024-11-12 19:00:00,2024-11-13,21828.108273,21766.474632,21797.2914525,61.63364100000035,HIGH,2024-11-13 02:00:00,21847.449373,19.341099999997823,True,2024-11-13 02:05:00,0.08333333333333333,2024
2024-11-13,2024-11-13 19:00:00,2024-11-14,21819.85607,21764.669463,21792.2627665,55.18660700000328,HIGH,2024-11-14 02:00:00,21842.291746,22.43567599999733,True,2024-11-14 07:00:00,5.0,2024
2024-11-14,2024-11-14 19:00:00,2024-11-15,21588.794388,21487.704902,21538.249645,101.08948599999712,LOW,2024-11-15 02:00:00,21470.168971,37.908557000002475,False,,,2024
2024-11-17,2024-11-17 19:00:00,2024-11-18,21308.219488,21242.459746,21275.339616999998,65.75974199999837,LOW,2024-11-18 02:00:00,21229.82356,12.636185999999725,True,2024-11-18 02:15:00,0.25,2024
2024-11-18,2024-11-18 19:00:00,2024-11-19,21349.480503,21256.127457,21302.803979999997,93.35304600000018,LOW,2024-11-19 02:00:00,21210.740341,45.38711599999806,True,2024-11-19 02:10:00,0.16666666666666666,2024
2024-11-19,2024-11-19 19:00:00,2024-11-20,21497.246511,21427.876431,21462.561471,69.3700800000006,HIGH,2024-11-20 02:00:00,21500.341088,3.0945769999998447,True,2024-11-20 02:45:00,0.75,2024
2024-11-24,2024-11-24 19:00:00,2024-11-25,21633.149978,21610.45642,21621.803199,22.693558000002668,LOW,2024-11-25 02:00:00,21591.373201,19.0832190000001,True,2024-11-25 02:05:00,0.08333333333333333,2024
2024-11-26,2024-11-26 19:00:00,2024-11-27,21681.631671,21612.777352,21647.2045115,68.85431899999821,LOW,2024-11-27 02:00:00,21581.831591,30.945761000002676,False,,,2024
2024-11-27,2024-11-27 19:00:00,2024-11-28,21522.00312,21490.025834,21506.014477,31.977286000001186,HIGH,2024-11-28 02:00:00,21525.097696,3.094575999999506,True,2024-11-28 02:10:00,0.16666666666666666,2024
2024-12-02,2024-12-02 19:00:00,2024-12-03,21909.340895,21871.690219,21890.515557,37.65067600000111,HIGH,2024-12-03 02:00:00,21913.209115,3.868220000000292,True,2024-12-03 02:10:00,0.16666666666666666,2024
2024-12-03,2024-12-03 19:00:00,2024-12-04,22041.891905,21992.120806,22017.0063555,49.77109900000141,HIGH,2024-12-04 02:00:00,22061.748768,19.856863000000885,False,,,2024
2024-12-04,2024-12-04 19:00:00,2024-12-05,22199.199523,22173.153508,22186.1765155,26.046014999999898,LOW,2024-12-05 02:00:00,22166.448593,6.7049149999984365,True,2024-12-05 02:10:00,0.16666666666666666,2024
2024-12-05,2024-12-05 19:00:00,2024-12-06,22160.775203,22126.219103,22143.497153,34.55610000000161,HIGH,2024-12-06 02:00:00,22172.895626,12.1204230000003,True,2024-12-06 03:00:00,1.0,2024
2024-12-08,2024-12-08 19:00:00,2024-12-09,22340.518498,22309.314856,22324.916677,31.2036420000004,HIGH,2024-12-09 02:00:00,22390.547479,50.028980999999476,True,2024-12-09 03:00:00,1.0,2024
2024-12-09,2024-12-09 19:00:00,2024-12-10,22162.322491,22129.055798,22145.6891445,33.26669299999776,LOW,2024-12-10 02:00:00,22124.156053,4.89974500000244,True,2024-12-10 04:00:00,2.0,2024
2024-12-11,2024-12-11 19:00:00,2024-12-12,22458.886034,22433.0979,22445.991967,25.788133999998536,LOW,2024-12-12 02:00:00,22428.198154,4.899745999999141,True,2024-12-12 02:05:00,0.08333333333333333,2024
2024-12-12,2024-12-12 19:00:00,2024-12-13,22445.991967,22382.037394,22414.0146805,63.95457300000271,HIGH,2024-12-13 02:00:00,22452.439,6.447032999996736,False,,,2024
2024-12-16,2024-12-16 19:00:00,2024-12-17,22821.982963,22778.658898,22800.3209305,43.32406499999706,LOW,2024-12-17 02:00:00,22730.950849,55.44448900000134,True,2024-12-17 04:00:00,2.0,2024
2024-12-17,2024-12-17 19:00:00,2024-12-18,22743.071272,22678.343056,22710.707164,64.72821599999952,HIGH,2024-12-18 02:00:00,22753.644407,10.573134999998729,True,2024-12-18 03:00:00,1.0,2024
2024-12-18,2024-12-18 19:00:00,2024-12-19,21947.765215,21822.692764,21885.2289895,125.072451,HIGH,2024-12-19 02:00:00,21954.47013,37.39279499999975,False,,,2024
2024-12-19,2024-12-19 19:00:00,2024-12-20,21686.636912,21587.406392,21637.021652000003,99.23052000000098,LOW,2024-12-20 02:00:00,21533.022912,54.38348000000042,True,2024-12-20 02:15:00,0.25,2024
2024-12-23,2024-12-23 19:00:00,2024-12-24,22445.170474,22392.848927,22419.0097005,52.321546999999555,HIGH,2024-12-24 02:00:00,22451.871756,7.989990000001853,True,2024-12-24 02:15:00,0.25,2024
2024-12-25,2024-12-25 19:00:00,2024-12-26,22795.956807,22728.170764,22762.0637855,67.78604300000006,LOW,2024-12-26 02:00:00,22637.703458,90.46730599999864,False,,,2024
2024-12-26,2024-12-26 19:00:00,2024-12-27,22657.807304,22604.712532,22631.259918000003,53.094772000000376,LOW,2024-12-27 02:00:00,22580.227079,24.485453000001144,True,2024-12-27 06:00:00,4.0,2024
2024-12-29,2024-12-29 19:00:00,2024-12-30,22385.116679,22317.846118,22351.4813985,67.27056099999754,LOW,2024-12-30 02:00:00,22289.494541,28.35157700000127,False,,,2024
2024-12-30,2024-12-30 19:00:00,2024-12-31,22120.158303,22030.464222,22075.3112625,89.69408100000146,LOW,2024-12-31 02:00:00,22020.927782,9.536439999999857,True,2024-12-31 03:00:00,1.0,2024
2025-01-01,2025-01-01 19:00:00,2025-01-02,22059.331282,21889.479561,21974.4054215,169.8517209999991,HIGH,2025-01-02 02:00:00,22087.940601,28.609318999999232,True,2025-01-02 08:00:00,6.0,2025
2025-01-02,2025-01-02 19:00:00,2025-01-03,21918.346621,21862.674433,21890.510527,55.67218800000046,HIGH,2025-01-03 02:00:00,21930.718218,15.979980000000069,True,2025-01-03 02:15:00,0.25,2025
2025-01-05,2025-01-05 19:00:00,2025-01-06,22222.997206,22147.736655,22185.3669305,75.2605509999994,HIGH,2025-01-06 02:00:00,22294.649373,71.65216700000019,False,,,2025
2025-01-07,2025-01-07 19:00:00,2025-01-08,22100.827682,22046.701943,22073.764812499998,54.12573899999916,LOW,2025-01-08 02:00:00,22041.28937,5.41257300000143,True,2025-01-08 02:15:00,0.25,2025
2025-01-08,2025-01-08 19:00:00,2025-01-09,22008.298443,21952.368514,21980.3334785,55.92992899999808,LOW,2025-01-09 02:00:00,21875.04603,77.32248400000026,True,2025-01-09 04:00:00,2.0,2025
2025-01-12,2025-01-12 19:00:00,2025-01-13,21652.357278,21504.413593,21578.3854355,147.94368499999837,LOW,2025-01-13 02:00:00,21439.462707,64.95088600000236,False,,,2025
2025-01-13,2025-01-13 19:00:00,2025-01-14,21720.143322,21647.202446,21683.672884,72.94087600000057,HIGH,2025-01-14 02:00:00,21798.496772,78.3534499999987,True,2025-01-14 06:00:00,4.0,2025
2025-01-14,2025-01-14 19:00:00,2025-01-15,21612.66507,21575.034795,21593.8499325,37.63027499999953,LOW,2025-01-15 02:00:00,21556.477399,18.557396000000153,True,2025-01-15 02:15:00,0.25,2025
2025-01-15,2025-01-15 19:00:00,2025-01-16,22121.189269,22014.2265,22067.7078845,106.96276899999793,HIGH,2025-01-16 02:00:00,22235.111061,113.921792000001,True,2025-01-16 08:00:00,6.0,2025
2025-01-16,2025-01-16 19:00:00,2025-01-17,21969.637202,21896.180842,21932.909022,73.45636000000013,HIGH,2025-01-17 02:00:00,21981.493316,11.856113999998342,True,2025-01-17 02:15:00,0.25,2025
2025-01-19,2025-01-19 19:00:00,2025-01-20,22274.030045,22207.274967,22240.652506,66.75507799999832,HIGH,2025-01-20 02:00:00,22308.051937,34.02189200000066,True,2025-01-20 06:00:00,4.0,2025
2025-01-20,2025-01-20 19:00:00,2025-01-21,22318.10386,22039.74292,22178.92339,278.36093999999866,HIGH,2025-01-21 02:00:00,22343.62028,25.516419999999925,False,,,2025
2025-01-21,2025-01-21 19:00:00,2025-01-22,22554.195176,22486.924615,22520.559895500002,67.27056100000118,HIGH,2025-01-22 02:00:00,22574.299022,20.103845999998157,False,,,2025
2025-01-22,2025-01-22 19:00:00,2025-01-23,22649.301831,22604.970273,22627.136052,44.33155800000168,LOW,2025-01-23 02:00:00,22582.289012,64.95088599999872,False,,,2025
2025-01-23,2025-01-23 19:00:00,2025-01-24,22741.573327,22659.869237,22700.721282,81.70408999999927,LOW,2025-01-24 02:00:00,22659.611495,3.3506409999972675,True,2025-01-24 03:00:00,1.0,2025
2025-01-26,2025-01-26 19:00:00,2025-01-27,22285.370675,22018.350366,22151.8605205,267.02030899999954,LOW,2025-01-27 02:00:00,21904.428574,168.820754999997,False,,,2025
2025-01-27,2025-01-27 19:00:00,2025-01-28,21992.318463,21876.076997,21934.19773,116.24146599999949,HIGH,2025-01-28 02:00:00,22061.393215,69.07475200000044,True,2025-01-28 06:00:00,4.0,2025
2025-01-28,2025-01-28 19:00:00,2025-01-29,22357.796068,22221.708497,22289.752282499998,136.08757100000003,HIGH,2025-01-29 02:00:00,22368.878957,11.08288900000116,True,2025-01-29 07:00:00,5.0,2025
2025-01-29,2025-01-29 19:00:00,2025-01-30,22351.352528,22246.709434,22299.030981,104.64309399999911,HIGH,2025-01-30 02:00:00,22361.662192,36.599309000001085,True,2025-01-30 04:00:00,2.0,2025
2025-01-30,2025-01-30 19:00:00,2025-01-31,22462.439162,22351.352528,22406.895845,111.08663399999932,HIGH,2025-01-31 02:00:00,22469.398186,6.959023999999772,False,,,2025
2025-02-02,2025-02-02 19:00:00,2025-02-03,21804.940312,21626.067634,21715.503973,178.87267799999972,HIGH,2025-02-03 02:00:00,21910.098889,105.15857700000197,False,,,2025
2025-02-04,2025-02-04 19:00:00,2025-02-05,22293.360665,22174.026299,22233.693482000002,119.33436599999914,LOW,2025-02-05 02:00:00,22172.222108,58.507345000001806,True,2025-02-05 08:00:00,6.0,2025
2025-02-10,2025-02-10 19:00:00,2025-02-11,22488.213323,22423.777921,22455.995622000002,64.43540199999916,LOW,2025-02-11 02:00:00,22391.560219,32.21770200000174,True,2025-02-11 03:00:00,1.0,2025
2025-02-12,2025-02-12 19:00:00,2025-02-13,22606.00124,22548.524861,22577.2630505,57.476378999999724,LOW,2025-02-13 02:00:00,22500.584921,110.31341000000248,True,2025-02-13 07:00:00,5.0,2025
2025-02-17,2025-02-17 19:00:00,2025-02-18,22993.902365,22919.930522,22956.9164435,73.97184300000299,HIGH,2025-02-18 02:00:00,23010.913311,17.010945999998512,True,2025-02-18 03:00:00,1.0,2025
2025-02-18,2025-02-18 19:00:00,2025-02-19,22981.530767,22941.580818,22961.5557925,39.94994900000165,LOW,2025-02-19 02:00:00,22937.714694,6.443540999996912,True,2025-02-19 02:30:00,0.5,2025
2025-02-20,2025-02-20 19:00:00,2025-02-21,22846.731905,22796.214549,22821.473227000002,50.51735600000029,LOW,2025-02-21 02:00:00,22788.224559,7.989990000001853,True,2025-02-21 02:05:00,0.08333333333333333,2025
2025-02-23,2025-02-23 19:00:00,2025-02-24,22476.614951,22405.736008,22441.1754795,70.87894299999971,LOW,2025-02-24 02:00:00,22381.508296,32.73318500000096,True,2025-02-24 02:45:00,0.75,2025
2025-02-24,2025-02-24 19:00:00,2025-02-25,22118.09637,22059.846766,22088.971568,58.249604000000545,LOW,2025-02-25 02:00:00,21969.37946,90.46730599999864,True,2025-02-25 06:00:00,4.0,2025
2025-02-25,2025-02-25 19:00:00,2025-02-26,21941.543366,21856.488634,21899.016000000003,85.05473200000051,HIGH,2025-02-26 02:00:00,21957.007863,15.464496999997209,True,2025-02-26 08:00:00,6.0,2025
2025-02-26,2025-02-26 19:00:00,2025-02-27,21954.430447,21761.639721,21858.035084,192.79072599999927,HIGH,2025-02-27 02:00:00,21988.710081,34.27963400000226,True,2025-02-27 08:00:00,6.0,2025
2025-02-27,2025-02-27 19:00:00,2025-02-28,21307.756744,21150.792103,21229.2744235,156.96464099999866,HIGH,2025-02-28 02:00:00,21321.159308,13.402563999999984,True,2025-02-28 06:00:00,4.0,2025
2025-03-03,2025-03-03 19:00:00,2025-03-04,21229.661036,21100.017005,21164.839020500003,129.6440309999998,LOW,2025-03-04 02:00:00,21096.408623,3.608382000002166,True,2025-03-04 02:15:00,0.25,2025
2025-03-04,2025-03-04 19:00:00,2025-03-05,21204.660099,21073.469619,21139.064859,131.19048000000112,HIGH,2025-03-05 02:00:00,21247.96069,43.30059099999926,True,2025-03-05 05:00:00,3.0,2025
2025-03-05,2025-03-05 19:00:00,2025-03-06,21286.879673,21220.897821,21253.888746999997,65.9818520000008,LOW,2025-03-06 02:00:00,21102.33668,156.19141599999784,False,,,2025
2025-03-11,2025-03-11 19:00:00,2025-03-12,20103.587936,20037.348342,20070.468139,66.23959399999876,LOW,2025-03-12 02:00:00,19998.171617,50.00187200000073,True,2025-03-12 02:45:00,0.75,2025
2025-03-12,2025-03-12 19:00:00,2025-03-13,20303.853168,20036.832859,20170.3430135,267.0203090000032,LOW,2025-03-13 02:00:00,20018.017721,18.815137999998115,True,2025-03-13 04:00:00,2.0,2025
2025-03-16,2025-03-16 19:00:00,2025-03-17,20236.324866,20170.343013,20203.3339395,65.9818529999975,LOW,2025-03-17 02:00:00,20167.507856,10.051922000002378,True,2025-03-17 02:45:00,0.75,2025
2025-03-18,2025-03-18 19:00:00,2025-03-19,20195.52698,20102.442406,20148.984693,93.08457400000043,LOW,2025-03-19 02:00:00,20090.456174,47.17985199999748,True,2025-03-19 04:00:00,2.0,2025
2025-03-20,2025-03-20 19:00:00,2025-03-21,20333.496169,20221.539655,20277.517912,111.9565139999977,LOW,2025-03-21 02:00:00,20218.734366,2.8052889999999024,True,2025-03-21 02:05:00,0.08333333333333333,2025
2025-03-23,2025-03-23 19:00:00,2025-03-24,20543.892807,20500.028296,20521.9605515,43.864510999999766,HIGH,2025-03-24 02:00:00,20578.576374,34.68356700000004,False,,,2025
2025-03-27,2025-03-27 19:00:00,2025-03-28,20400.058014,20331.966011,20366.0120125,68.09200299999793,LOW,2025-03-28 02:00:00,20311.818939,87.72902199999953,True,2025-03-28 05:00:00,3.0,2025
2025-03-31,2025-03-31 19:00:00,2025-04-01,19790.035277,19670.938029,19730.486653,119.09724799999822,HIGH,2025-04-01 02:00:00,19870.878592,80.8433150000019,True,2025-04-01 06:00:00,4.0,2025
2025-04-01,2025-04-01 19:00:00,2025-04-02,20041.746164,19941.010804,19991.378484,100.73535999999876,LOW,2025-04-02 02:00:00,19929.024572,33.663462000000436,False,,,2025
2025-04-06,2025-04-06 19:00:00,2025-04-07,17367.541139,16836.831559,17102.186349,530.7095800000025,LOW,2025-04-07 02:00:00,16811.328937,25.502621999999974,True,2025-04-07 03:00:00,1.0,2025
2025-04-08,2025-04-08 19:00:00,2025-04-09,17553.45526,17071.455689,17312.4554745,481.9995710000003,HIGH,2025-04-09 02:00:00,17751.610639,221.87281799999982,True,2025-04-09 06:00:00,4.0,2025
2025-04-09,2025-04-09 19:00:00,2025-04-10,19724.748563,19350.625087,19537.686825,374.12347600000066,LOW,2025-04-10 02:00:00,19244.534176,106.09091099999932,True,2025-04-10 02:05:00,0.08333333333333333,2025
2025-04-13,2025-04-13 19:00:00,2025-04-14,19516.137109,19337.618749,19426.877929000002,178.5183599999982,HIGH,2025-04-14 02:00:00,19548.52544,32.388331000001926,True,2025-04-14 04:00:00,2.0,2025
2025-04-14,2025-04-14 19:00:00,2025-04-15,19330.988067,19227.447419,19279.217743,103.54064799999833,HIGH,2025-04-15 02:00:00,19364.396503,92.31949500000337,True,2025-04-15 06:00:00,4.0,2025
2025-04-16,2025-04-16 19:00:00,2025-04-17,18951.764067,18744.937796,18848.350931499997,206.82627100000173,HIGH,2025-04-17 02:00:00,18957.62967,75.99781499999881,True,2025-04-17 06:00:00,4.0,2025
2025-04-20,2025-04-20 19:00:00,2025-04-21,18747.743084,18554.68823,18651.215657,193.0548540000018,LOW,2025-04-21 02:00:00,18515.414191,39.2740389999999,False,,,2025
2025-04-21,2025-04-21 19:00:00,2025-04-22,18431.510562,18307.057763,18369.2841625,124.45279899999878,HIGH,2025-04-22 02:00:00,18536.836394,105.32583200000226,False,,,2025
2025-04-22,2025-04-22 19:00:00,2025-04-23,19148.644314,18998.17884,19073.411577,150.46547400000054,HIGH,2025-04-23 02:00:00,19168.281334,19.6370199999983,False,,,2025
2025-04-23,2025-04-23 19:00:00,2025-04-24,19255.245278,19054.029584,19154.637431,201.21569399999862,LOW,2025-04-24 02:00:00,19040.003141,28.307910999999876,True,2025-04-24 05:00:00,3.0,2025
2025-04-27,2025-04-27 19:00:00,2025-04-28,19862.972779,19782.129464,19822.5511215,80.84331499999826,HIGH,2025-04-28 02:00:00,19908.8775,47.434878000000026,False,,,2025
2025-04-29,2025-04-29 19:00:00,2025-04-30,19978.244633,19876.999221,19927.621927,101.24541200000021,HIGH,2025-04-30 02:00:00,19988.955735,10.71110200000112,True,2025-04-30 06:00:00,4.0,2025
2025-04-30,2025-04-30 19:00:00,2025-05-01,20375.575496,20307.228467,20341.4019815,68.34702900000048,LOW,2025-05-01 02:00:00,20301.362864,5.865603000002011,True,2025-05-01 02:10:00,0.16666666666666666,2025
2025-05-05,2025-05-05 19:00:00,2025-05-06,20433.211424,20313.094071,20373.1527475,120.11735300000146,LOW,2025-05-06 02:00:00,20293.457051,19.6370199999983,False,,,2025
2025-05-08,2025-05-08 19:00:00,2025-05-09,20609.179521,20484.471696,20546.8256085,124.70782499999768,HIGH,2025-05-09 02:00:00,20639.01759,29.83806900000127,True,2025-05-09 06:00:00,4.0,2025
2025-05-11,2025-05-11 19:00:00,2025-05-12,20976.672315,20851.96449,20914.3184025,124.70782500000132,HIGH,2025-05-12 02:00:00,21220.222363,374.88855500000136,False,,,2025
2025-05-13,2025-05-13 19:00:00,2025-05-14,21752.207074,21673.914022,21713.060548,78.2930520000009,HIGH,2025-05-14 02:00:00,21778.219749,30.093094999996538,True,2025-05-14 02:30:00,0.5,2025
2025-05-14,2025-05-14 19:00:00,2025-05-15,21842.486359,21745.831418,21794.158888500002,96.65494099999705,LOW,2025-05-15 02:00:00,21692.785963,53.04545500000313,False,,,2025
2025-05-15,2025-05-15 19:00:00,2025-05-16,21867.223903,21777.964723,21822.594313,89.25917999999729,HIGH,2025-05-16 02:00:00,21887.370975,20.14707200000339,True,2025-05-16 02:10:00,0.16666666666666666,2025
2025-05-18,2025-05-18 19:00:00,2025-05-19,21812.903316,21622.143698,21717.523506999998,190.75961800000005,LOW,2025-05-19 02:00:00,21594.090813,34.42854100000113,True,2025-05-19 08:00:00,6.0,2025
2025-05-19,2025-05-19 19:00:00,2025-05-20,21995.757122,21846.311752,21921.034437000002,149.44536999999764,LOW,2025-05-20 02:00:00,21838.405939,7.905813000001217,False,,,2025
2025-05-20,2025-05-20 19:00:00,2025-05-21,21875.129716,21755.777441,21815.453578499997,119.3522750000011,LOW,2025-05-21 02:00:00,21721.3489,34.428540999997495,True,2025-05-21 08:00:00,6.0,2025
2025-05-21,2025-05-21 19:00:00,2025-05-22,21634.895009,21560.172325,21597.533667,74.7226840000003,HIGH,2025-05-22 02:00:00,21649.176478,18.6169149999987,True,2025-05-22 02:30:00,0.5,2025
2025-05-22,2025-05-22 19:00:00,2025-05-23,21634.895009,21561.702482,21598.2987455,73.19252699999925,LOW,2025-05-23 02:00:00,21555.581852,6.120630000001256,True,2025-05-23 02:10:00,0.16666666666666666,2025
2025-05-25,2025-05-25 19:00:00,2025-05-26,21660.397632,21593.58076,21626.989196000002,66.81687199999942,HIGH,2025-05-26 02:00:00,21694.31612,47.17985200000112,False,,,2025
2025-05-26,2025-05-26 19:00:00,2025-05-27,21669.578576,21566.54798,21618.063278,103.03059600000051,HIGH,2025-05-27 02:00:00,21687.175386,119.607301,False,,,2025
2025-05-27,2025-05-27 19:00:00,2025-05-28,21915.933912,21865.948772,21890.941342,49.98514000000068,LOW,2025-05-28 02:00:00,21858.808037,7.140735000000859,True,2025-05-28 05:00:00,3.0,2025
2025-05-28,2025-05-28 19:00:00,2025-05-29,22272.460579,22146.222596,22209.3415875,126.23798299999908,HIGH,2025-05-29 02:00:00,22288.782257,16.321678000000247,True,2025-05-29 02:05:00,0.08333333333333333,2025
2025-06-01,2025-06-01 19:00:00,2025-06-02,21754.757336,21639.740508,21697.248922,115.0168279999998,LOW,2025-06-02 02:00:00,21588.480236,51.26027199999953,True,2025-06-02 06:00:00,4.0,2025
2025-06-02,2025-06-02 19:00:00,2025-06-03,21934.805853,21867.988981,21901.397417,66.81687200000306,LOW,2025-06-03 02:00:00,21834.835572,33.153408999998646,True,2025-06-03 02:10:00,0.16666666666666666,2025
2025-06-04,2025-06-04 19:00:00,2025-06-05,22204.368576,22161.52417,22182.946373,42.84440600000016,HIGH,2025-06-05 02:00:00,22279.091261,74.72268500000064,True,2025-06-05 06:00:00,4.0,2025
2025-06-05,2025-06-05 19:00:00,2025-06-06,22105.4184,21977.140207,22041.2793035,128.27819299999828,HIGH,2025-06-06 02:00:00,22114.089291,11.476180000001477,False,,,2025
2025-06-08,2025-06-08 19:00:00,2025-06-09,22221.455333,22152.598252,22187.0267925,68.85708100000193,HIGH,2025-06-09 02:00:00,22235.736802,14.281468999997742,False,,,2025
2025-06-09,2025-06-09 19:00:00,2025-06-10,22415.02024,22193.912501,22304.4663705,221.10773900000277,LOW,2025-06-10 02:00:00,22168.91993,24.99257099999886,True,2025-06-10 07:00:00,5.0,2025
2025-06-11,2025-06-11 19:00:00,2025-06-12,22288.272205,22191.362238,22239.8172215,96.9099669999996,LOW,2025-06-12 02:00:00,22188.301924,3.0603140000021085,True,2025-06-12 02:45:00,0.75,2025
2025-06-15,2025-06-15 19:00:00,2025-06-16,22175.973956,22095.472377,22135.7231665,80.5015790000034,HIGH,2025-06-16 02:00:00,22203.998788,52.7674769999976,False,,,2025
2025-06-16,2025-06-16 19:00:00,2025-06-17,22336.043718,22225.459245,22280.7514815,110.58447300000262,LOW,2025-06-17 02:00:00,22221.924581,3.534663999998884,True,2025-06-17 02:05:00,0.08333333333333333,2025
2025-06-17,2025-06-17 19:00:00,2025-06-18,22228.741433,22120.934195,22174.837814,107.8072379999976,HIGH,2025-06-18 02:00:00,22250.454366,21.712933000002522,True,2025-06-18 05:00:00,3.0,2025
2025-06-18,2025-06-18 19:00:00,2025-06-19,22170.167009,22005.805155,22087.986082,164.3618540000025,LOW,2025-06-19 02:00:00,21998.483352,7.3218029999989085,False,,,2025
2025-06-19,2025-06-19 19:00:00,2025-06-20,22145.171888,22063.369675,22104.270781500003,81.80221299999903,HIGH,2025-06-20 02:00:00,22149.211503,4.039614999997866,True,2025-06-20 03:00:00,1.0,2025
2025-06-22,2025-06-22 19:00:00,2025-06-23,22032.062655,21921.983134,21977.022894499998,110.0795210000033,HIGH,2025-06-23 02:00:00,22089.122224,89.62896799999726,True,2025-06-23 08:00:00,6.0,2025
2025-06-23,2025-06-23 19:00:00,2025-06-24,22523.885836,22413.806315,22468.8460755,110.07952099999966,HIGH,2025-06-24 02:00:00,22588.267207,82.30716499999835,False,,,2025
2025-06-25,2025-06-25 19:00:00,2025-06-26,22735.965647,22679.158555,22707.562101000003,56.8070919999991,HIGH,2025-06-26 02:00:00,22782.926177,46.96053000000029,True,2025-06-26 08:00:00,6.0,2025
2025-06-26,2025-06-26 19:00:00,2025-06-27,22942.995939,22884.673991,22913.834965000002,58.3219480000007,HIGH,2025-06-27 02:00:00,22966.223728,42.415961999999126,True,2025-06-27 08:00:00,6.0,2025
2025-06-30,2025-06-30 19:00:00,2025-07-01,23141.694524,23063.426975,23102.5607495,78.26754900000014,LOW,2025-07-01 02:00:00,23048.783369,14.643605999997817,False,,,2025
2025-07-02,2025-07-02 19:00:00,2025-07-03,23108.620172,23053.07546,23080.847816,55.54471199999898,HIGH,2025-07-03 02:00:00,23118.971687,19.18817400000262,True,2025-07-03 03:00:00,1.0,2025
2025-07-03,2025-07-03 19:00:00,2025-07-04,23278.031545,23214.407602,23246.2195735,63.62394300000233,LOW,2025-07-04 02:00:00,23169.46688,44.94072199999937,False,,,2025
2025-07-07,2025-07-07 19:00:00,2025-07-08,23166.184693,23083.877528,23125.0311105,82.30716499999835,HIGH,2025-07-08 02:00:00,23174.011447,34.084255000001576,True,2025-07-08 08:00:00,6.0,2025
2025-07-08,2025-07-08 19:00:00,2025-07-09,23128.313298,23080.59534,23104.454319,47.71795800000109,HIGH,2025-07-09 02:00:00,23130.333105,2.0198070000005828,True,2025-07-09 02:10:00,0.16666666666666666,2025
2025-07-13,2025-07-13 19:00:00,2025-07-14,23106.095413,23052.822984,23079.4591985,53.27242900000056,LOW,2025-07-14 02:00:00,23030.100147,22.722836999997526,True,2025-07-14 02:30:00,0.5,2025
2025-07-15,2025-07-15 19:00:00,2025-07-16,23273.486978,23204.813515,23239.1502465,68.67346299999917,LOW,2025-07-16 02:00:00,23192.442193,48.72786100000303,True,2025-07-16 03:00:00,1.0,2025
2025-07-16,2025-07-16 19:00:00,2025-07-17,23328.779214,23244.957194,23286.868204,83.82201999999961,HIGH,2025-07-17 02:00:00,23370.437749,41.6585350000023,False,,,2025
2025-07-20,2025-07-20 19:00:00,2025-07-21,23507.784674,23472.690515,23490.2375945,35.09415900000022,HIGH,2025-07-21 02:00:00,23516.873809,21.460457000001043,True,2025-07-21 07:00:00,5.0,2025
2025-07-21,2025-07-21 19:00:00,2025-07-22,23598.423545,23527.730275,23563.076910000003,70.69326999999976,LOW,2025-07-22 02:00:00,23513.844097,13.886178000000655,True,2025-07-22 02:05:00,0.08333333333333333,2025
2025-07-22,2025-07-22 19:00:00,2025-07-23,23497.433159,23428.254745,23462.843952,69.1784140000018,HIGH,2025-07-23 02:00:00,23504.502486,10.351514999998471,True,2025-07-23 06:00:00,4.0,2025
2025-07-23,2025-07-23 19:00:00,2025-07-24,23654.725686,23603.725541,23629.2256135,51.000145000001794,LOW,2025-07-24 02:00:00,23583.779939,19.94560199999978,True,2025-07-24 06:00:00,4.0,2025
2025-07-24,2025-07-24 19:00:00,2025-07-25,23673.913859,23624.176094,23649.0449765,49.73776500000167,LOW,2025-07-25 02:00:00,23609.532488,37.8713949999983,False,,,2025
2025-07-28,2025-07-28 19:00:00,2025-07-29,23787.275568,23749.404173,23768.3398705,37.87139500000194,HIGH,2025-07-29 02:00:00,23787.78052,44.94072199999937,False,,,2025
2025-07-30,2025-07-30 19:00:00,2025-07-31,24045.55848,23946.840378,23996.199429,98.71810199999891,HIGH,2025-07-31 02:00:00,24081.157592,35.59911199999988,True,2025-07-31 06:00:00,4.0,2025
2025-07-31,2025-07-31 19:00:00,2025-08-01,23573.680901,23461.581572,23517.631236499998,112.09932900000058,LOW,2025-08-01 02:00:00,23455.774625,105.28247700000065,False,,,2025
2025-08-03,2025-08-03 19:00:00,2025-08-04,23223.749213,23143.461856,23183.6055345,80.28735699999743,HIGH,2025-08-04 02:00:00,23224.001689,49.23281300000235,False,,,2025
2025-08-04,2025-08-04 19:00:00,2025-08-05,23605.997824,23544.646165,23575.3219945,61.35165899999993,HIGH,2025-08-05 02:00:00,23617.611719,22.975313000002643,True,2025-08-05 02:30:00,0.5,2025
2025-08-05,2025-08-05 19:00:00,2025-08-06,23431.536932,23278.031545,23354.7842385,153.50538699999743,HIGH,2025-08-06 02:00:00,23451.987485,22.470360999999684,True,2025-08-06 05:00:00,3.0,2025
2025-08-06,2025-08-06 19:00:00,2025-08-07,23744.102178,23676.438619,23710.2703985,67.66355900000053,HIGH,2025-08-07 02:00:00,23746.374461,2.272282999998424,True,2025-08-07 02:05:00,0.08333333333333333,2025
2025-08-10,2025-08-10 19:00:00,2025-08-11,24008.444514,23941.538383,23974.991448499997,66.90613099999973,LOW,2025-08-11 02:00:00,23927.904681,13.633701999999175,True,2025-08-11 02:30:00,0.5,2025
2025-08-12,2025-08-12 19:00:00,2025-08-13,24204.618339,24158.667713,24181.643025999998,45.95062600000165,HIGH,2025-08-13 02:00:00,24220.271849,23.985216000000946,False,,,2025
2025-08-14,2025-08-14 19:00:00,2025-08-15,24183.662834,24110.192328,24146.927581,73.47050599999784,HIGH,2025-08-15 02:00:00,24200.326247,16.663413000002038,True,2025-08-15 03:00:00,1.0,2025
2025-08-17,2025-08-17 19:00:00,2025-08-18,24118.271559,24077.875404,24098.0734815,40.39615500000218,LOW,2025-08-18 02:00:00,24016.018792,61.856611999999586,False,,,2025
2025-08-19,2025-08-19 19:00:00,2025-08-20,23656.745494,23565.349194,23611.047344,91.39630000000034,HIGH,2025-08-20 02:00:00,23662.552441,5.806947000000946,True,2025-08-20 03:00:00,1.0,2025
2025-08-21,2025-08-21 19:00:00,2025-08-22,23480.264794,23410.581427,23445.4231105,69.68336699999782,LOW,2025-08-22 02:00:00,23363.368422,47.21300500000143,True,2025-08-22 03:00:00,1.0,2025
2025-08-24,2025-08-24 19:00:00,2025-08-25,23831.711338,23753.443788,23792.577563,78.26755000000048,LOW,2025-08-25 02:00:00,23740.567514,12.876274000002013,False,,,2025
2025-08-26,2025-08-26 19:00:00,2025-08-27,23863.018357,23825.146963,23844.08266,37.8713940000016,LOW,2025-08-27 02:00:00,23808.988501,16.158461999999417,True,2025-08-27 02:05:00,0.08333333333333333,2025
2025-08-27,2025-08-27 19:00:00,2025-08-28,23817.82516,23720.116961,23768.9710605,97.7081990000006,HIGH,2025-08-28 02:00:00,23869.582732,51.75757199999862,False,,,2025
2025-08-28,2025-08-28 19:00:00,2025-08-29,23991.023672,23949.112662,23970.068166999998,41.911009999999806,LOW,2025-08-29 02:00:00,23946.840378,31.307020000000193,True,2025-08-29 02:05:00,0.08333333333333333,2025
2025-09-01,2025-09-01 19:00:00,2025-09-02,23717.087249,23636.547416,23676.817332500003,80.53983299999891,LOW,2025-09-02 02:00:00,23500.462871,136.08454500000153,True,2025-09-02 02:05:00,0.08333333333333333,2025
2025-09-02,2025-09-02 19:00:00,2025-09-03,23571.913569,23528.992655,23550.453112,42.920914000002085,HIGH,2025-09-03 02:00:00,23593.374026,42.415961999999126,False,,,2025
2025-09-04,2025-09-04 19:00:00,2025-09-05,24006.424706,23935.983911,23971.2043085,70.44079500000225,HIGH,2025-09-05 02:00:00,24011.726701,5.301994999997987,True,2025-09-05 07:00:00,5.0,2025
2025-09-08,2025-09-08 19:00:00,2025-09-09,24084.439779,24026.370307,24055.405043,58.06947199999922,HIGH,2025-09-09 02:00:00,24091.25663,37.36644299999898,True,2025-09-09 06:00:00,4.0,2025
2025-09-09,2025-09-09 19:00:00,2025-09-10,24165.73704,24114.484419,24140.1107295,51.252620999999635,HIGH,2025-09-10 02:00:00,24191.237113,25.500072999999247,True,2025-09-10 03:00:00,1.0,2025
2025-09-10,2025-09-10 19:00:00,2025-09-11,24155.890477,24107.415092,24131.652784500002,48.47538500000155,HIGH,2025-09-11 02:00:00,24172.806367,16.915890000000218,True,2025-09-11 07:00:00,5.0,2025
2025-09-14,2025-09-14 19:00:00,2025-09-15,24382.75,24330.603846,24356.676923,52.146153999998205,HIGH,2025-09-15 02:00:00,24393.5,17.75,True,2025-09-15 03:00:00,1.0,2025
2025-09-15,2025-09-15 19:00:00,2025-09-16,24602.0,24526.75,24564.375,75.25,HIGH,2025-09-16 02:00:00,24618.0,16.0,True,2025-09-16 08:00:00,6.0,2025
2025-09-16,2025-09-16 19:00:00,2025-09-17,24549.75,24497.5,24523.625,52.25,HIGH,2025-09-17 02:00:00,24553.0,3.25,True,2025-09-17 03:00:00,1.0,2025
2025-09-17,2025-09-17 19:00:00,2025-09-18,24653.5,24560.0,24606.75,93.5,HIGH,2025-09-18 02:00:00,24670.75,17.25,True,2025-09-18 08:00:00,6.0,2025
2025-09-18,2025-09-18 19:00:00,2025-09-19,24749.0,24682.0,24715.5,67.0,LOW,2025-09-19 02:00:00,24655.0,27.0,True,2025-09-19 04:00:00,2.0,2025
2025-09-21,2025-09-21 19:00:00,2025-09-22,24876.0,24828.0,24852.0,48.0,LOW,2025-09-22 02:00:00,24748.75,79.25,True,2025-09-22 08:00:00,6.0,2025
2025-09-23,2025-09-23 19:00:00,2025-09-24,24861.25,24810.5,24835.875,50.75,HIGH,2025-09-24 02:00:00,24889.5,37.25,True,2025-09-24 08:00:00,6.0,2025
2025-09-24,2025-09-24 19:00:00,2025-09-25,24793.5,24737.5,24765.5,56.0,LOW,2025-09-25 02:00:00,24713.0,43.25,False,,,2025
2025-09-25,2025-09-25 19:00:00,2025-09-26,24632.75,24573.75,24603.25,59.0,HIGH,2025-09-26 02:00:00,24671.5,38.75,True,2025-09-26 03:00:00,1.0,2025
2025-09-28,2025-09-28 19:00:00,2025-09-29,24837.75,24765.0,24801.375,72.75,HIGH,2025-09-29 02:00:00,24864.25,26.5,False,,,2025
2025-09-29,2025-09-29 19:00:00,2025-09-30,24856.75,24805.75,24831.25,51.0,LOW,2025-09-30 02:00:00,24790.75,51.0,True,2025-09-30 07:00:00,5.0,2025
2025-09-30,2025-09-30 19:00:00,2025-10-01,24837.0,24758.0,24797.5,79.0,LOW,2025-10-01 02:00:00,24637.5,120.5,True,2025-10-01 06:00:00,4.0,2025
2025-10-01,2025-10-01 19:00:00,2025-10-02,25076.5,25019.25,25047.875,57.25,HIGH,2025-10-02 02:00:00,25088.0,11.5,True,2025-10-02 08:00:00,6.0,2025
2025-10-02,2025-10-02 19:00:00,2025-10-03,25192.0,25116.0,25154.0,76.0,HIGH,2025-10-03 02:00:00,25193.75,1.75,True,2025-10-03 06:00:00,4.0,2025
2025-10-05,2025-10-05 19:00:00,2025-10-06,25109.25,25050.5,25079.875,58.75,LOW,2025-10-06 02:00:00,25045.5,5.0,True,2025-10-06 02:30:00,0.5,2025
2025-10-12,2025-10-12 19:00:00,2025-10-13,24855.5,24756.25,24805.875,99.25,HIGH,2025-10-13 02:00:00,24945.75,90.25,True,2025-10-13 06:00:00,4.0,2025
2025-10-13,2025-10-13 19:00:00,2025-10-14,25044.25,24650.5,24847.375,393.75,LOW,2025-10-14 02:00:00,24628.25,52.0,False,,,2025
2025-10-14,2025-10-14 19:00:00,2025-10-15,24920.0,24740.5,24830.25,179.5,HIGH,2025-10-15 02:00:00,24921.75,6.5,False,,,2025
2025-10-15,2025-10-15 19:00:00,2025-10-16,24976.0,24874.75,24925.375,101.25,HIGH,2025-10-16 02:00:00,25042.0,79.75,False,,,2025
2025-10-16,2025-10-16 19:00:00,2025-10-17,24835.75,24616.25,24726.0,219.5,LOW,2025-10-17 02:00:00,24428.0,188.25,True,2025-10-17 06:00:00,4.0,2025
2025-10-19,2025-10-19 19:00:00,2025-10-20,25127.75,24955.75,25041.75,172.0,HIGH,2025-10-20 02:00:00,25132.0,24.75,True,2025-10-20 05:00:00,3.0,2025
2025-10-20,2025-10-20 19:00:00,2025-10-21,25368.0,25275.75,25321.875,92.25,LOW,2025-10-21 02:00:00,25261.25,14.5,False,,,2025
2025-10-22,2025-10-22 19:00:00,2025-10-23,25113.25,24951.25,25032.25,162.0,HIGH,2025-10-23 02:00:00,25128.0,14.75,True,2025-10-23 04:00:00,2.0,2025
2025-10-23,2025-10-23 19:00:00,2025-10-24,25347.5,25284.75,25316.125,62.75,HIGH,2025-10-24 02:00:00,25368.5,21.0,False,,,2025
2025-10-26,2025-10-26 19:00:00,2025-10-27,25789.75,25706.75,25748.25,83.0,HIGH,2025-10-27 02:00:00,25801.75,26.75,False,,,2025
2025-10-28,2025-10-28 19:00:00,2025-10-29,26263.75,26166.0,26214.875,97.75,HIGH,2025-10-29 02:00:00,26299.0,35.25,False,,,2025
2025-10-30,2025-10-30 19:00:00,2025-10-31,26213.5,26136.5,26175.0,77.0,HIGH,2025-10-31 02:00:00,26219.75,6.25,True,2025-10-31 02:15:00,0.25,2025
2025-11-02,2025-11-02 19:00:00,2025-11-03,26123.0,26031.75,26077.375,91.25,LOW,2025-11-03 02:00:00,26019.5,12.25,True,2025-11-03 02:30:00,0.5,2025
2025-11-03,2025-11-03 19:00:00,2025-11-04,26031.0,25742.0,25886.5,289.0,LOW,2025-11-04 02:00:00,25729.75,12.25,False,,,2025
2025-11-06,2025-11-06 19:00:00,2025-11-07,25340.75,25162.0,25251.375,178.75,HIGH,2025-11-07 02:00:00,25354.75,14.0,True,2025-11-07 03:00:00,1.0,2025
2025-11-09,2025-11-09 19:00:00,2025-11-10,25503.5,25326.25,25414.875,177.25,HIGH,2025-11-10 02:00:00,25540.25,36.75,False,,,2025
2025-11-10,2025-11-10 19:00:00,2025-11-11,25768.25,25652.0,25710.125,116.25,LOW,2025-11-11 02:00:00,25650.25,21.75,False,,,2025
